Epoch	AverageEpRet	StdEpRet	MaxEpRet	MinEpRet	EpLen	AverageAct	StdAct	MaxAct	MinAct	AverageRetBuf	StdRetBuf	MaxRetBuf	MinRetBuf	AverageVVals	StdVVals	MaxVVals	MinVVals	TotalEnvInteracts	LossPi	LossV	DeltaLossPi	DeltaLossV	Entropy	KL	ClipFrac	StopIter	Time	FPS
0	0.06940706	0.13145022	0.3991144	0.0	4.7777777	15.428572	9.931055	33.0	0.0	0.050962243	0.10971935	0.3991144	0.0	0.06802202	0.015110976	0.09982218	0.02651076	100	-0.027680367	0.006383059	-0.0021910565	-9.112072e-05	2.7680385	-5.0745002e-05	0.0	4.0	0.2676661014556885	373
1	0.061966904	0.121076256	0.33337262	-0.0056207473	4.7222223	14.818182	11.613614	35.0	0.0	0.044559155	0.10389661	0.33337262	-0.0056207473	0.061958835	0.01684373	0.09789877	0.008703157	200	-0.027681947	0.005615262	-0.0014016032	-8.324286e-05	2.7681913	0.00012774944	0.0	4.0	0.5250632762908936	391
2	0.0616288	0.1488139	0.5296049	0.0	4.3333335	17.681818	9.992663	37.0	0.0	0.06737202	0.15343003	0.5296049	0.0	0.052682217	0.015603315	0.08375646	0.016888924	300	-0.027682051	0.01202569	-0.0012811944	-4.4002663e-06	2.7682061	-1.698971e-05	0.0	4.0	0.8104448318481445	352
3	0.055859428	0.14831796	0.4950685	0.0	5.125	18.45	9.738968	37.0	6.0	0.050185136	0.13351978	0.4950685	0.0	0.050640583	0.014860561	0.08370096	0.009921245	400	-0.027681112	0.0088275615	-0.001357004	-1.5481899e-05	2.7681122	0.000345664	0.0	4.0	1.0439362525939941	431
4	0.11521202	0.18781939	0.601439	0.0	4.736842	14.954545	8.578394	28.0	1.0	0.08188552	0.17052923	0.601439	0.0	0.051277198	0.016105007	0.107174724	0.011306405	500	-0.027681366	0.015099134	-0.0010543652	-5.2081567e-05	2.7681413	0.00011255263	0.0	4.0	1.3585667610168457	319
5	0.07553746	0.19377656	0.77130777	0.0	5.3125	17.1	11.9452915	37.0	0.0	0.07578823	0.18924142	0.77130777	0.0	0.055200353	0.01615999	0.08832098	0.016297176	600	-0.027679265	0.019172957	-0.0010582777	-8.229923e-05	2.767925	1.1453631e-05	0.0	4.0	1.6364140510559082	362
6	0.0047906567	0.016461544	0.06823115	0.0	5.625	20.75	9.554449	36.0	6.0	0.006739965	0.018584516	0.06823115	0.0	0.05885896	0.014921507	0.08785984	0.02001717	700	-0.027679473	0.001619999	-0.00088570407	-2.1247368e-05	2.7679496	0.00019174577	0.0	4.0	1.8678717613220215	436
7	0.14955914	0.20646605	0.5639343	0.0	4.9411764	14.857142	10.842094	37.0	1.0	0.12760803	0.1952394	0.5639343	0.0	0.05574095	0.017054358	0.09696017	0.0048740506	800	-0.02767888	0.020749304	-0.0011306927	-6.4810505e-05	2.7678878	-1.9426345e-05	0.0	4.0	2.2391698360443115	270
8	0.059472367	0.10736887	0.33512023	0.0	4.6666665	16.727272	10.792176	32.0	1.0	0.04504214	0.090399265	0.33512023	0.0	0.060427748	0.014115699	0.098327875	0.022028714	900	-0.02767944	0.004118451	-0.0011617504	2.1442596e-05	2.7679467	-1.6655926e-05	0.0	4.0	2.6714224815368652	234
9	0.09025693	0.17752612	0.62960047	0.0	5.352941	17.95	11.160085	37.0	0.0	0.06837022	0.15505728	0.62960047	0.0	0.063329704	0.014518399	0.11683725	0.024731617	1000	-0.02767834	0.012554688	-0.0010170639	-1.3399287e-05	2.7678375	0.00011662007	0.0	4.0	2.983348846435547	323
10	0.041660964	0.107103564	0.45676002	0.0	4.7058825	23.952381	7.338588	36.0	8.0	0.03520648	0.089923464	0.45676002	0.0	0.06253717	0.014181638	0.09230768	0.02320908	1100	-0.027677909	0.004436361	-0.00088950247	-1.7755781e-05	2.7677917	-2.691268e-05	0.0	4.0	3.446591377258301	217
11	0.04439644	0.09389262	0.33349648	0.0	4.9444447	21.40909	9.242486	35.0	6.0	0.030059779	0.07288497	0.33349648	0.0	0.057045083	0.015454012	0.102068864	0.019415908	1200	-0.027675852	0.0028772564	-0.0009259409	-5.9300713e-05	2.7675858	4.3501856e-05	0.0	4.0	3.834406614303589	259
12	0.054684833	0.15524872	0.6217518	0.0	5.117647	22.428572	10.830167	37.0	2.0	0.034425065	0.12612434	0.6217518	0.0	0.059075613	0.013265627	0.0920925	0.027845688	1300	-0.027674824	0.008307652	-0.0009883828	-7.888832e-05	2.7674856	0.00038474082	0.0	4.0	4.237401723861694	252
13	0.07369549	0.13134103	0.4666893	0.0	4.6666665	12.809524	12.496166	37.0	0.0	0.07429258	0.12848005	0.4666893	0.0	0.051049434	0.015608949	0.088179514	0.0071563944	1400	-0.027674016	0.008972868	-0.0006817356	3.6423968e-05	2.7674036	-0.00020774841	0.0	4.0	4.599920272827148	277
14	0.13899478	0.19430102	0.5636534	0.0	4.6666665	18.238094	10.640913	36.0	1.0	0.11792661	0.18422495	0.5636534	0.0	0.05141934	0.015486573	0.09448606	0.0146842	1500	-0.027673036	0.019017998	-0.0011213189	-0.00013064148	2.767304	-6.194115e-05	0.0	4.0	4.977267265319824	266
15	0.036334682	0.120477684	0.54219484	0.0	4.5789475	18.227272	12.187669	37.0	2.0	0.024630042	0.09289256	0.54219484	0.0	0.05118965	0.016286198	0.08651858	0.013339773	1600	-0.027672607	0.0044949204	-0.00061886664	4.340372e-05	2.7672644	0.0001672411	0.0	4.0	5.256709814071655	362
16	0.009844064	0.031436544	0.13337335	0.0	4.470588	19.904762	9.855648	37.0	5.0	0.015474122	0.03267699	0.13337335	0.0	0.060359195	0.01627127	0.09096873	0.014598601	1700	-0.027672388	0.0015323937	-0.0007990231	-5.4757635e-05	2.7672334	7.090566e-06	0.0	4.0	5.583937644958496	307
17	0.10972218	0.18866828	0.47424576	0.0	5.3125	16.6	11.503912	34.0	1.0	0.08788357	0.16869736	0.47424576	0.0	0.056265995	0.015035631	0.09673379	0.006408997	1800	-0.027671188	0.013944371	-0.0012443028	6.2929466e-06	2.7671158	0.00020513535	0.0	4.0	5.9356067180633545	286
18	0.14659086	0.18362185	0.5603036	0.0	4.388889	14.409091	11.550911	37.0	0.0	0.105139524	0.16327943	0.5603036	0.0	0.055423774	0.015103549	0.091657996	0.00667841	1900	-0.027669765	0.013972222	-0.001382634	-8.0003694e-05	2.7669797	-4.298211e-05	0.0	4.0	6.368051052093506	233
19	0.030422786	0.10040972	0.42787445	0.0	5.0588236	18.095238	8.980958	33.0	4.0	0.024159156	0.08420481	0.42787445	0.0	0.05636691	0.015767626	0.08989327	0.005798377	2000	-0.02767013	0.004131613	-0.0010538623	3.1430303e-05	2.767014	9.8462115e-05	0.0	4.0	6.626636981964111	391
20	0.08189218	0.1589319	0.56420577	0.0	4.3	15.208333	10.958176	36.0	1.0	0.046662457	0.12537701	0.56420577	0.0	0.058706846	0.014795089	0.09454202	0.02343769	2100	-0.027669355	0.0076440596	-0.0011232421	-1.5484984e-05	2.7669382	-3.8299557e-05	0.0	4.0	6.945075035095215	316
21	0.048955973	0.13114077	0.5614796	0.0	4.7222223	18.818182	12.506858	36.0	1.0	0.04334267	0.123082906	0.5614796	0.0	0.054100715	0.015783021	0.0821321	0.008358061	2200	-0.02766715	0.007531576	-0.0008705072	-1.6447593e-05	2.7667167	0.00013437748	0.0	4.0	7.2685487270355225	311
22	0.03537447	0.08599039	0.2692929	0.0	5.2352943	18.380953	11.74927	37.0	0.0	0.026108928	0.0725583	0.2692929	0.0	0.056214362	0.014038043	0.0973797	0.01397942	2300	-0.027664691	0.0032759127	-0.0009280965	-6.001914e-05	2.7664735	0.00020583154	0.0	4.0	7.566476106643677	338
23	0.13824897	0.19757593	0.55170023	0.0	4.2352943	18.380953	12.908012	37.0	1.0	0.10201587	0.17245877	0.55170023	0.0	0.051358625	0.015047879	0.082171895	0.0111049265	2400	-0.02766325	0.015943978	-0.0010774061	7.979776e-06	2.7663267	-0.00010116577	0.0	4.0	7.9130542278289795	290
24	0.10197943	0.16021457	0.58526677	0.0	3.857143	17.666666	9.405968	36.0	1.0	0.090923324	0.15836114	0.58526677	0.0	0.05101039	0.014930099	0.08272826	0.018112428	2500	-0.02766373	0.013023215	-0.001324024	-7.890808e-05	2.7663703	-0.00018355846	0.0	4.0	8.254095792770386	295
25	0.114196435	0.16147654	0.40867087	0.0	4.111111	19.045454	11.25521	37.0	2.0	0.08491072	0.13180323	0.40867087	0.0	0.056962956	0.017522229	0.10446142	0.021294221	2600	-0.027659848	0.008313388	-0.0014197528	-7.956184e-05	2.7659843	-0.00018495083	0.0	4.0	8.624078273773193	271
26	0.045203853	0.09507764	0.3091266	0.0	5.117647	21.333334	10.669642	37.0	3.0	0.03708345	0.08129691	0.3091266	0.0	0.05582574	0.016567914	0.09594019	0.015479647	2700	-0.027658358	0.0035110267	-0.0012180656	2.8022332e-05	2.7658334	0.0001554394	0.0	4.0	8.884015560150146	387
27	0.029814627	0.07605503	0.33071634	0.0	4.8333335	19.047619	10.087599	35.0	0.0	0.02551618	0.06652056	0.33071634	0.0	0.060753345	0.015163096	0.09775901	0.021460027	2800	-0.027657948	0.0027910823	-0.001065148	-2.9353017e-05	2.7657967	4.3225285e-05	0.0	4.0	9.288846731185913	248
28	0.062769294	0.11306225	0.3825618	0.0	4.5555553	16.666666	11.348729	37.0	0.0	0.052726466	0.098870344	0.3825618	0.0	0.058411937	0.015706332	0.09850857	0.012948349	2900	-0.027656335	0.004564983	-0.0010603201	-1.4108664e-05	2.765633	8.132458e-05	0.0	4.0	9.730480909347534	228
29	0.07871296	0.17100841	0.7016642	0.0	4.7222223	16.619047	10.68366	36.0	0.0	0.07120534	0.17276599	0.7016642	0.0	0.056705475	0.013812053	0.09453282	0.021605521	3000	-0.02765271	0.0152978925	-0.0008556009	3.7177233e-06	2.7652733	-2.5162706e-05	0.0	4.0	10.122990846633911	257
30	0.023013093	0.0769489	0.33398962	0.0	4.7777777	19.272728	9.77093	35.0	1.0	0.01699863	0.059227254	0.33398962	0.0	0.05615613	0.014896916	0.09451448	0.019556418	3100	-0.02765235	0.0026670077	-0.0007909057	-5.4265314e-05	2.7652354	0.00023414611	0.0	4.0	10.427868366241455	330
31	0.0745799	0.13569562	0.40945297	0.0	4.888889	19.190475	10.922319	34.0	4.0	0.042404573	0.10308505	0.40945297	0.0	0.056535676	0.016201122	0.08958801	0.0065934807	3200	-0.027649984	0.0053345244	-0.0010173246	-4.703665e-05	2.764999	0.0001234293	0.0	4.0	10.753610849380493	310
32	0.04457602	0.17498606	0.74446803	0.0	5.352941	15.55	9.425895	31.0	1.0	0.0328128	0.14565872	0.74446803	0.0	0.04969807	0.01709182	0.091387376	0.014940746	3300	-0.027648553	0.011131659	-0.00086572766	-4.720605e-05	2.7648563	0.0002574873	0.0	4.0	11.029118061065674	366
33	0.09654968	0.20889524	0.71824306	-0.012072926	5.352941	18.55	11.447598	36.0	3.0	0.083292924	0.20100565	0.71824306	-0.012072926	0.047010995	0.016910262	0.08968423	0.010168172	3400	-0.027647585	0.02156299	-0.0013212673	-4.5177876e-07	2.7647624	-0.00015525341	0.0	4.0	11.345432996749878	318
34	0.07116726	0.14708802	0.5512373	0.0	4.2222223	16.90909	11.341434	35.0	0.0	0.04423835	0.10905999	0.5512373	0.0	0.048468117	0.018224351	0.08863893	-0.0007856712	3500	-0.02764877	0.005875949	-0.0010905266	-5.7806756e-06	2.7648768	-0.00017416479	0.0	4.0	11.657419681549072	323
35	0.0039757164	0.015469543	0.065831915	0.0	5.117647	17.571428	12.171675	37.0	0.0	0.005318754	0.014757282	0.065831915	0.0	0.046481494	0.015357027	0.07205359	0.0037846714	3600	-0.027644	0.001017274	-0.0008957102	-5.94842e-05	2.7643952	0.00023506641	0.0	4.0	11.919442415237427	387
36	0.07506356	0.18344213	0.6832123	0.0	4.8235292	20.8	10.642368	35.0	2.0	0.06198407	0.1664734	0.6832123	0.0	0.045115545	0.01663575	0.07664323	-0.0027388409	3700	-0.027641624	0.013848953	-0.0012100488	1.4419857e-05	2.7641644	0.00018775465	0.0	4.0	12.223285436630249	331
37	0.06939113	0.14173321	0.4593588	0.0	5.0588236	15.761905	11.915995	37.0	1.0	0.06257569	0.13667169	0.4593588	0.0	0.045076273	0.016160987	0.074155524	-0.0027340278	3800	-0.027642027	0.009290021	-0.0014736392	-1.1646582e-05	2.764203	0.00020475389	0.0	4.0	12.621044635772705	252
38	0.03136927	0.104298696	0.43226862	0.0	5.3125	20.6	9.825477	35.0	1.0	0.033996146	0.10212605	0.43226862	0.0	0.04462322	0.017312894	0.08420665	0.0034047365	3900	-0.027640522	0.0052720713	-0.00089169666	-2.316825e-06	2.7640567	0.00035575387	0.0	4.0	12.943912029266357	314
39	0.09010563	0.21346419	0.67995924	-0.20344941	4.8333335	15.25	10.401322	33.0	1.0	0.071614586	0.18655218	0.67995924	-0.20344941	0.043285865	0.018332448	0.07979471	-0.004095793	4000	-0.027635649	0.017594274	-0.0008381414	-3.8305414e-05	2.763564	5.3839685e-05	0.0	4.0	13.260706424713135	317
40	0.043646805	0.09829421	0.3458804	0.0	4.9444447	20.59091	9.69845	36.0	3.0	0.026257304	0.07234273	0.3458804	0.0	0.045371	0.015368625	0.078426875	0.004323378	4100	-0.027633958	0.0027313048	-0.0010710396	7.857423e-06	2.7633944	6.783485e-05	0.0	4.0	13.565917491912842	330
41	0.06743734	0.124989964	0.4119357	0.0	4.8235292	19.142857	11.506874	35.0	0.0	0.05288923	0.10780968	0.4119357	0.0	0.045352593	0.016817149	0.085786276	0.008050099	4200	-0.027631216	0.0057167667	-0.0015884433	-7.188093e-06	2.763121	0.00022272111	0.0	4.0	13.855286121368408	348
42	0.09038086	0.1995163	0.67194533	0.0	4.105263	20.782608	10.842575	37.0	4.0	0.078729786	0.18029974	0.67194533	0.0	0.049438052	0.01600731	0.07867039	-0.01318606	4300	-0.027631238	0.016519096	-0.0010635369	-4.8077403e-05	2.7631183	-0.00047984603	0.0	4.0	14.17505407333374	315
43	0.05869298	0.10935655	0.36629882	0.0	4.4210525	15.727273	10.754204	32.0	0.0	0.035883263	0.08434403	0.36629882	0.0	0.050642665	0.01599663	0.08885565	0.01709935	4400	-0.027626622	0.0033925902	-0.0014043823	1.3515004e-05	2.7626626	3.7765494e-06	0.0	4.0	14.504623889923096	305
44	0.027210448	0.078366004	0.33325258	0.0	5.0	18.52381	11.802417	36.0	0.0	0.022205034	0.06594488	0.33325258	0.0	0.046923682	0.017872093	0.075145476	-0.006240204	4500	-0.027621143	0.0026724425	-0.0010862569	-2.3521177e-05	2.7621162	0.00039960863	0.0	4.0	14.850875854492188	292
45	0.14224818	0.2061313	0.57749736	0.0	5.0588236	21.142857	13.035795	37.0	0.0	0.11192072	0.19311434	0.57749736	0.0	0.049353458	0.016197285	0.07788462	0.006016597	4600	-0.027619764	0.020489749	-0.0012409613	-6.7030924e-05	2.761983	-2.5200832e-05	0.0	4.0	15.195672750473022	292
46	0.020298183	0.0534819	0.21596482	0.0	5.1875	11.65	10.5559225	36.0	0.0	0.015078774	0.039401144	0.21596482	0.0	0.052470636	0.017042762	0.09097981	0.010008462	4700	-0.02761574	0.0015733116	-0.0011771955	2.2729713e-05	2.7615721	1.2717268e-05	0.0	4.0	15.48082947731018	353
47	0.08629398	0.18447094	0.69409096	0.0	5.0	17.1	10.999546	37.0	2.0	0.07089623	0.17823035	0.69409096	0.0	0.050903905	0.018127305	0.08464146	0.005606547	4800	-0.027611814	0.016230915	-0.0010695681	-9.06206e-06	2.761182	-8.55446e-05	0.0	4.0	15.84837532043457	273
48	0.11898066	0.17944273	0.4409266	0.0	4.882353	22.05	11.06108	35.0	2.0	0.08646618	0.15979792	0.4409266	0.0	0.0501803	0.017129982	0.081319034	0.005758196	4900	-0.027607918	0.013108741	-0.001566466	-7.191475e-05	2.7607918	0.00017862796	0.0	4.0	16.20190143585205	284
49	0.0096845655	0.021858875	0.07247901	0.0	5.3125	20.6	11.284502	37.0	1.0	0.011439548	0.021744367	0.07247901	0.0	0.05085572	0.016386736	0.08682795	0.0066882595	5000	-0.027607115	0.0011896056	-0.0011074897	1.8192659e-05	2.7607083	0.00017301561	0.0	4.0	16.446787118911743	412
50	0.08461111	0.1380139	0.42054635	0.0	4.4736843	19.043478	9.191102	35.0	2.0	0.05157256	0.111588836	0.42054635	0.0	0.05393883	0.017472079	0.080665864	-0.0060863793	5100	-0.027605452	0.0059011923	-0.0016402737	-1.5785685e-05	2.7605455	0.00023056983	0.0	4.0	16.792824268341064	290
51	0.08417528	0.16072047	0.51647997	0.0	5.0	18.619047	11.412091	37.0	1.0	0.06958312	0.15400007	0.51647997	0.0	0.052382097	0.016417824	0.08677491	-0.0006022975	5200	-0.027599007	0.011962455	-0.0015230961	-4.671834e-06	2.759898	0.00018236162	0.0	4.0	17.171704053878784	267
52	0.06941349	0.18553187	0.6982189	0.0	5.3125	17.0	9.549869	32.0	0.0	0.05238525	0.16163847	0.6982189	0.0	0.05067083	0.01658353	0.09273272	0.007674828	5300	-0.02759321	0.013005558	-0.0016171429	-8.87466e-06	2.7593236	0.00059863087	0.0	4.0	17.537765502929688	275
53	0.065690964	0.12932003	0.44038045	0.0	5.125	18.25	10.177794	35.0	1.0	0.05346577	0.10814971	0.44038045	0.0	0.052655973	0.016350824	0.09287087	0.0060259923	5400	-0.02758773	0.0059442143	-0.001422775	-6.1446335e-06	2.7587745	0.0001619959	0.0	4.0	17.93710732460022	252
54	0.11602182	0.18863791	0.56961364	0.0	4.3333335	17.636364	11.714581	37.0	0.0	0.09693215	0.17627154	0.56961364	0.0	0.05279344	0.017621439	0.087728426	0.008494183	5500	-0.02758862	0.01658953	-0.0009555407	-8.280738e-05	2.758864	-0.00044528482	0.0	4.0	18.357197523117065	240
55	0.076860234	0.15073766	0.4739297	0.0	5.25	17.45	12.595534	36.0	0.0	0.06684649	0.1398161	0.4739297	0.0	0.05366604	0.015596102	0.08179965	0.011035889	5600	-0.02758032	0.009924417	-0.0017364714	-5.129137e-05	2.7580335	-2.9296869e-05	0.0	4.0	18.646926641464233	350
56	0.09093962	0.13818282	0.41330293	0.0	4.111111	19.136364	13.515296	37.0	1.0	0.07291236	0.1248437	0.41330293	0.0	0.060260516	0.014684492	0.089731194	0.027443387	5700	-0.027578197	0.0076502264	-0.001487432	-2.949388e-05	2.757822	0.00031484602	0.0	4.0	18.97974681854248	302
57	0.055118687	0.10796068	0.41759276	0.0	4.4444447	20.90909	10.672433	37.0	0.0	0.058645763	0.10897491	0.41759276	0.0	0.060355414	0.015062673	0.09227021	0.028022394	5800	-0.027570449	0.006186136	-0.001635452	-7.3754054e-06	2.7570443	-0.0005646801	0.0	4.0	19.331254482269287	286
58	0.11417034	0.19783187	0.65073276	0.0	4.6666665	19.666666	6.73536	34.0	7.0	0.086991206	0.1788486	0.65073276	0.0	0.0628497	0.015613592	0.10163999	0.0142731145	5900	-0.027567476	0.016306631	-0.0013832524	-5.517929e-05	2.756749	0.00011422635	0.0	4.0	19.6769802570343	291
59	0.110963546	0.17099544	0.5907473	0.0	4.388889	17.047619	9.968886	36.0	0.0	0.1017283	0.16209796	0.5907473	0.0	0.069603145	0.014490374	0.10690448	0.013194993	6000	-0.027554609	0.013581362	-0.0018544421	-0.000104514125	2.7554626	-0.00020364762	0.0	4.0	20.039400815963745	277
60	0.039429374	0.09372648	0.32888195	0.0	4.7777777	17.666666	10.1387205	35.0	0.0	0.03515398	0.08208067	0.32888195	0.0	0.07068572	0.013792021	0.10815749	0.036218226	6100	-0.027554505	0.004096252	-0.0015218034	4.177529e-05	2.755448	0.0005097771	0.0	4.0	20.354962825775146	319
61	0.05896476	0.11116757	0.3337994	0.0	4.0	18.5	11.82159	37.0	2.0	0.04540268	0.093389995	0.3337994	0.0	0.072494715	0.014839159	0.12497459	0.035705816	6200	-0.027545292	0.0046071876	-0.0019137822	-6.363171e-05	2.754527	0.0002956629	0.0	4.0	20.84338092803955	205
62	0.06577411	0.13969539	0.49714205	0.0	5.4375	18.65	12.346153	36.0	0.0	0.066632636	0.13648826	0.49714205	0.0	0.06807893	0.017609904	0.10221329	0.02528112	6300	-0.02753231	0.009129129	-0.0018739887	-4.1565218e-06	2.7532334	-2.6016234e-05	0.0	4.0	21.226091861724854	262
63	0.06317481	0.12783758	0.44112456	0.0	4.5789475	15.73913	12.205548	35.0	1.0	0.03887032	0.09886761	0.44112456	0.0	0.0675473	0.016454272	0.0957696	0.016832314	6400	-0.027534321	0.0050843577	-0.001832135	-8.736487e-05	2.7534368	0.0002761793	0.0	4.0	21.789595127105713	178
64	0.073720664	0.13699856	0.40925032	0.0	4.3157897	16.47826	10.55779	36.0	0.0	0.058418807	0.11620724	0.40925032	0.0	0.06292322	0.016564896	0.09567042	0.016242161	6500	-0.027524978	0.0066756397	-0.0018221661	-1.971767e-05	2.7524967	0.00022371294	0.0	4.0	22.349539279937744	180
65	0.099906445	0.16266488	0.52186745	0.0	4.0	19.045454	10.985434	37.0	1.0	0.087244	0.14993797	0.52186745	0.0	0.058264222	0.017093528	0.09179101	0.009696975	6600	-0.027518138	0.011566939	-0.001675168	1.5420024e-05	2.751816	-0.0005640268	0.0	4.0	22.979783535003662	159
66	0.101099774	0.15239486	0.45994624	0.0	4.5	18.0	11.079797	33.0	2.0	0.084557906	0.13919589	0.45994624	0.0	0.060906935	0.014929425	0.09393433	0.027712177	6700	-0.027504226	0.009584567	-0.0021243477	-4.9566268e-05	2.750423	0.00034646512	0.0	4.0	23.55450963973999	175
67	0.1125717	0.1643147	0.47904262	0.0	4.470588	15.380953	11.193008	33.0	0.0	0.096532375	0.1500098	0.47904262	0.0	0.061697636	0.017203236	0.09924931	0.004478261	6800	-0.027489007	0.011834469	-0.0026597655	-0.00012446246	2.7489007	0.00022935867	0.0	4.0	24.042315244674683	206
68	0.12952308	0.18682104	0.5967116	0.0	4.0	18.454546	11.519656	37.0	0.0	0.11000337	0.17446929	0.5967116	0.0	0.06595378	0.014629832	0.09371332	0.028334737	6900	-0.027497843	0.015923683	-0.0020500682	-0.00022116816	2.7497816	-0.00021669862	0.0	4.0	24.536300659179688	203
69	0.20963325	0.27393275	0.7791009	0.0	4.5	19.0	10.900375	36.0	0.0	0.20698994	0.27232227	0.7791009	0.0	0.07464097	0.014079761	0.10487925	0.041595336	7000	-0.02746977	0.04625807	-0.00217448	-0.001408839	2.7469783	-0.0005871868	0.0	4.0	25.081910610198975	184
70	0.18070324	0.18461768	0.549073	0.0	4.111111	17.136364	11.050691	37.0	1.0	0.17045054	0.18173023	0.549073	0.0	0.08507387	0.012884646	0.11867163	0.048215866	7100	-0.027462527	0.019997582	-0.002178857	-0.0010454882	2.7462497	-0.00073878287	0.0	4.0	25.658239603042603	174
71	0.07039016	0.13347249	0.3954858	0.0	4.8333335	16.428572	10.495221	35.0	0.0	0.060565777	0.12128565	0.3954858	0.0	0.10351443	0.014025992	0.1453276	0.066753276	7200	-0.027439848	0.008274443	-0.0026101517	0.00042418088	2.7439842	0.0005482721	0.0	4.0	26.172069549560547	196
72	0.090680785	0.13476807	0.40922195	0.0	3.9	16.434782	11.757795	36.0	0.0	0.07033435	0.11300075	0.40922195	0.0	0.1105163	0.011551889	0.14252459	0.07109697	7300	-0.027447706	0.0075223004	-0.0026892964	2.4500769e-05	2.7447715	-0.00028841972	0.0	4.0	26.51486086845398	293
73	0.11476875	0.18699516	0.5404355	0.0	5.2352943	20.25	11.206583	36.0	1.0	0.101450145	0.17374417	0.5404355	0.0	0.110230945	0.017015481	0.15206435	0.05711375	7400	-0.027412452	0.015129128	-0.002354972	-3.109174e-05	2.741244	0.0010305691	0.0	4.0	26.89877939224243	262
74	0.08162776	0.18761742	0.6837705	0.0	4.7777777	21.809525	10.948446	37.0	1.0	0.06947631	0.15879767	0.6837705	0.0	0.11042536	0.013467159	0.16116372	0.07752159	7500	-0.027397387	0.01303882	-0.0023155436	-0.00015805906	2.7397406	0.0006556272	0.0	4.0	27.241517305374146	293
75	0.10830986	0.18407601	0.6248215	0.0	4.1578946	18.304348	12.811118	37.0	0.0	0.09094958	0.16339348	0.6248215	0.0	0.10552852	0.012143251	0.14306453	0.06669156	7600	-0.027394276	0.013630998	-0.0027849153	-9.67331e-05	2.7394266	0.00016782762	0.0	4.0	27.672715187072754	233
76	0.24519202	0.24701753	0.69071877	0.0	3.8947368	21.391304	11.404573	37.0	0.0	0.20751706	0.22909278	0.69071877	0.0	0.09958902	0.013472403	0.14685962	0.059037343	7700	-0.027373403	0.032087047	-0.0031853234	-0.00016883167	2.7373405	-0.00106503	0.0	4.0	28.087973833084106	242
77	0.19731379	0.24347606	0.62973434	0.0	4.4444447	19.0	12.0566845	37.0	0.0	0.17828885	0.23511307	0.62973434	0.0	0.10345547	0.013237822	0.13447729	0.06924049	7800	-0.027348831	0.029915664	-0.0033362936	-0.000474568	2.7348819	2.0236941e-05	0.0	4.0	28.462074041366577	269
78	0.10093991	0.14816186	0.44870028	0.0	4.0	20.434782	10.299118	37.0	2.0	0.0919445	0.13113226	0.44870028	0.0	0.111386925	0.01414645	0.15425602	0.078599736	7900	-0.027344376	0.008993315	-0.003274642	0.00012260024	2.7344394	9.4661664e-05	0.0	4.0	28.941881895065308	209
79	0.07534261	0.13238867	0.45037752	0.0	4.882353	15.8	11.258775	37.0	0.0	0.07277186	0.12459078	0.45037752	0.0	0.11707047	0.013375005	0.15145023	0.081348374	8000	-0.027286492	0.00866979	-0.0029619336	-1.0970165e-05	2.72865	0.0009905768	0.0	4.0	29.251619577407837	326
80	0.13849872	0.15729144	0.40977597	0.0	4.1578946	19.727272	10.942751	35.0	1.0	0.11550546	0.14578862	0.40977597	0.0	0.114545174	0.014752552	0.15655698	0.08627177	8100	-0.027281955	0.010583193	-0.0033999346	-2.65477e-05	2.7281919	-0.00019213204	0.0	4.0	29.596899271011353	291
81	0.17334291	0.21167827	0.5987283	0.0	4.3333335	14.545455	10.161099	37.0	1.0	0.16426966	0.20441586	0.5987283	0.0	0.11361469	0.013579157	0.158455	0.082404	8200	-0.027245402	0.021977069	-0.002891995	-5.2605872e-05	2.7245395	-0.0009889507	0.0	4.0	29.966623306274414	271
82	0.0614764	0.13742974	0.519141	0.0	4.7647057	17.8	9.73961	35.0	1.0	0.06694411	0.13027187	0.519141	0.0	0.117367305	0.012918951	0.1494814	0.08296086	8300	-0.027193755	0.0096764695	-0.003529774	-1.2078905e-05	2.7193751	0.0010754204	0.0	4.0	30.22659134864807	387
83	0.056125052	0.100273885	0.32106665	0.0	4.263158	14.363636	8.210556	33.0	3.0	0.054832064	0.09264852	0.32106665	0.0	0.10970968	0.016639538	0.14859521	0.062178463	8400	-0.027195193	0.005990847	-0.0025787465	-0.0002677273	2.7195218	0.0012919712	0.0	4.0	30.63397979736328	246
84	0.08750614	0.16247474	0.5054108	0.0	4.5555553	13.727273	11.322471	37.0	1.0	0.07030328	0.14339885	0.5054108	0.0	0.10916209	0.010737138	0.14817338	0.083882995	8500	-0.027149014	0.0110746045	-0.0037175808	-0.00031811988	2.7149012	0.0016931725	0.0	4.0	30.964810371398926	307
85	0.14428863	0.1859145	0.50340897	0.0	3.952381	20.25	10.595794	37.0	3.0	0.100308724	0.16600458	0.50340897	0.0	0.102084525	0.013498318	0.13367623	0.06486738	8600	-0.02714011	0.0134930555	-0.0051863454	-0.00010097539	2.7140107	0.00144876	0.0	4.0	31.448654890060425	208
86	0.1195943	0.18289326	0.53167576	0.0	4.5789475	16.904762	10.272037	33.0	0.0	0.10823	0.18113686	0.53167576	0.0	0.08786587	0.017010475	0.13092342	0.041147437	8700	-0.027059574	0.01602421	-0.004178173	6.4240885e-05	2.7059584	0.0013048601	0.0	4.0	31.842666149139404	256
87	0.1640247	0.23114027	0.7457021	0.0	3.4761906	12.88	10.30852	32.0	0.0	0.16055542	0.23729308	0.7457021	0.0	0.0901695	0.014865757	0.1300328	0.052674852	8800	-0.027075142	0.03054792	-0.003788767	-0.00020804006	2.707516	-0.0006829214	0.0	4.0	32.250290870666504	248
88	0.2145658	0.20919737	0.63023895	0.0	4.05	18.681818	12.285936	37.0	0.0	0.202262	0.21322626	0.63023895	0.0	0.095525056	0.015194174	0.13247098	0.04539566	8900	-0.026990354	0.028912168	-0.005365666	-0.00094851025	2.6990333	-0.0006141758	0.0	4.0	32.61749196052551	273
89	0.16413559	0.20720184	0.5898194	0.0	3.7142856	19.5	9.8276825	36.0	1.0	0.14077133	0.19351056	0.5898194	0.0	0.10562703	0.014686307	0.1346525	0.059398122	9000	-0.026955852	0.019156095	-0.0043938532	-0.00021189707	2.6955874	-6.352423e-05	0.0	4.0	33.06301140785217	225
90	0.13983776	0.19605036	0.5672315	0.0	3.409091	19.0	10.908712	37.0	2.0	0.1301803	0.1875724	0.5672315	0.0	0.11570301	0.013226521	0.14817333	0.07477511	9100	-0.026938498	0.017415771	-0.003967639	-4.5794994e-05	2.693854	-0.00017988209	0.0	4.0	33.53223991394043	214
91	0.15772036	0.19479504	0.76294726	0.0	3.7619047	16.375	10.621568	35.0	0.0	0.14094673	0.18547563	0.76294726	0.0	0.12517972	0.014103372	0.16564284	0.092076614	9200	-0.026823163	0.01756707	-0.004883766	-4.4221757e-05	2.6823192	0.00047634123	0.0	4.0	33.981826066970825	223
92	0.24820828	0.23317482	0.70244753	0.0	3.6	19.458334	10.09942	36.0	2.0	0.24029277	0.22758684	0.70244753	0.0	0.13110006	0.015066065	0.1710855	0.09884789	9300	-0.026701353	0.031687893	-0.0050776117	-0.0008380327	2.6701326	-0.00055478094	0.0	4.0	34.52694892883301	184
93	0.17743963	0.2056432	0.65139073	0.0	4.111111	18.136364	10.118819	35.0	1.0	0.17012337	0.19632933	0.65139073	0.0	0.14517443	0.016947336	0.19077463	0.1081608	9400	-0.026591351	0.019198341	-0.004719058	-0.00015932554	2.6591372	0.00047159195	0.0	4.0	35.10466694831848	174
94	0.15160286	0.22202015	0.6528884	0.0	4.15	17.608696	10.382842	37.0	0.0	0.14687239	0.21914062	0.6528884	0.0	0.15462603	0.019656356	0.21374893	0.13160113	9500	-0.026522607	0.023874797	-0.0056437403	0.00011634873	2.6522617	0.0027428768	0.0	4.0	35.57149291038513	216
95	0.19830738	0.21925077	0.6690279	0.0	4.0	18.5	8.963309	32.0	0.0	0.19492264	0.22327343	0.6690279	0.0	0.16103248	0.020701896	0.21707861	0.12761667	9600	-0.026451394	0.024941105	-0.00536027	-0.0001067312	2.645144	0.000577264	0.0	4.0	35.98575401306152	242
96	0.17323211	0.17317627	0.49546325	0.0	3.7	20.291666	12.143171	36.0	2.0	0.16374372	0.16136417	0.49546325	0.0	0.16507068	0.023322247	0.23241094	0.12918545	9700	-0.026357993	0.013460843	-0.0050996686	2.7621165e-05	2.6357987	-0.0006773424	0.0	4.0	36.40583848953247	239
97	0.23232165	0.19703625	0.6540617	0.0	3.85	19.086956	10.611368	37.0	0.0	0.21510528	0.18907474	0.6540617	0.0	0.16730024	0.022306472	0.22557712	0.1320886	9800	-0.026236907	0.018679785	-0.004543528	-0.00011182972	2.6236901	3.952501e-05	0.0	4.0	36.79303789138794	259
98	0.26111165	0.24681585	0.746591	0.0	3.6666667	18.25	10.145812	37.0	1.0	0.24970804	0.24146195	0.746591	0.0	0.17216858	0.024863048	0.23122466	0.13050124	9900	-0.02614811	0.03199112	-0.005597273	-0.00048009912	2.6148129	0.0008573055	0.0	4.0	37.207639932632446	242
99	0.23297149	0.20929956	0.70461005	0.0	2.7692308	17.107143	11.7422905	36.0	0.0	0.22249039	0.2028106	0.70461005	0.0	0.1767031	0.02530548	0.24960367	0.14372277	10000	-0.026443139	0.02202569	-0.0039019957	-0.00019704364	2.6443157	-0.0025522043	0.0	4.0	37.613876819610596	247
100	0.18398596	0.15654057	0.47133255	0.0	3.0869565	17.25926	9.678509	35.0	1.0	0.17071274	0.1472921	0.47133255	0.0	0.19012262	0.031170866	0.26061636	0.14458673	10100	-0.026223116	0.012233041	-0.0050935894	0.00014053192	2.6223137	-0.00019742019	0.0	4.0	38.004849672317505	257
101	0.23643589	0.20544656	0.7761966	0.0	3.2727273	16.583334	10.610202	37.0	0.0	0.24182236	0.20978054	0.7761966	0.0	0.18876866	0.028442353	0.2559728	0.15064852	10200	-0.025909372	0.023264771	-0.0037480374	-0.00014788634	2.5909376	-1.2922101e-06	0.0	4.0	38.39628505706787	256
102	0.20889768	0.19637896	0.6646372	0.0	3.4545455	16.708334	12.053627	36.0	0.0	0.22086957	0.19877683	0.6646372	0.0	0.19709504	0.033185456	0.28670132	0.13997695	10300	-0.025792792	0.01990574	-0.00368643	-0.00010174606	2.5792832	-0.0008433629	0.0	4.0	38.82184147834778	236
103	0.25307286	0.21077226	0.6700077	0.0	3.2272727	20.961538	11.057475	37.0	2.0	0.24204458	0.20863876	0.6700077	0.0	0.20144352	0.033557374	0.28985864	0.16069822	10400	-0.025833085	0.023008278	-0.0041585746	-0.00012475788	2.5833058	0.00016122818	0.0	4.0	39.230661392211914	245
104	0.19468766	0.19556397	0.5649187	0.0	2.8076923	17.965517	10.350688	35.0	1.0	0.2106203	0.19611447	0.5649187	0.0	0.2077301	0.03724037	0.29449484	0.1613833	10500	-0.025909089	0.018805783	-0.0038156882	1.7003389e-05	2.5909133	-0.00016929628	0.0	4.0	39.661943197250366	233
105	0.13404903	0.15536104	0.49578613	0.0	3.4347825	20.92	12.145517	37.0	0.0	0.13808845	0.1572947	0.49578613	0.0	0.21705216	0.042899106	0.3079141	0.16321126	10600	-0.025420368	0.016813349	-0.0038952567	-0.00051814946	2.5420387	0.0007226751	0.0	4.0	40.0478196144104	260
106	0.21929657	0.21964867	0.6883838	0.0	2.9166667	15.285714	11.294301	37.0	0.0	0.24681686	0.22719415	0.6883838	0.0	0.20225972	0.032646894	0.2809008	0.16525131	10700	-0.025536917	0.026485654	-0.003947587	0.00021535181	2.5536923	0.0008281398	0.0	4.0	40.415064334869385	273
107	0.25090545	0.23178767	0.7303676	-0.054063223	3.95	21.045454	10.572165	36.0	2.0	0.26331997	0.22949558	0.7303676	-0.054063223	0.20797564	0.035187647	0.30798358	0.16240779	10800	-0.024776183	0.027178666	-0.0036392063	-0.00018120324	2.477621	0.0013596583	0.0	4.0	40.832409620285034	240
108	0.3015991	0.24066213	0.6909402	0.0	2.96	16.428572	11.989367	35.0	0.0	0.2912587	0.24503253	0.6909402	0.0	0.20602171	0.03497099	0.29704764	0.16137788	10900	-0.025358967	0.0342745	-0.0051491144	-0.00049881684	2.5358958	0.00034162044	0.0	4.0	41.23423910140991	250
109	0.18101227	0.18677226	0.58912486	0.0	2.84	15.75862	10.291124	37.0	1.0	0.2081215	0.18930387	0.58912486	0.0	0.21179736	0.036175545	0.31587896	0.17104432	11000	-0.025367841	0.017560344	-0.0027251588	8.227909e-05	2.5367868	0.0002443981	0.0	4.0	41.781808376312256	183
110	0.20802492	0.19904196	0.5906617	0.0	2.88	18.689655	11.495437	37.0	0.0	0.21044736	0.2002457	0.5906617	0.0	0.22085072	0.04192885	0.31914642	0.1750485	11100	-0.025286738	0.019905293	-0.0044195307	3.4240773e-05	2.5286732	0.0012449217	0.0	4.0	42.26292657852173	209
111	0.20678918	0.23555042	0.6809566	-0.03088835	2.9166667	21.037037	10.574187	36.0	2.0	0.22582655	0.23456025	0.6809566	-0.03088835	0.22223656	0.041101746	0.33754575	0.1761511	11200	-0.025134422	0.027632624	-0.0030886382	-4.409859e-05	2.5134385	0.00016669757	0.0	4.0	42.67540764808655	244
112	0.24728768	0.24311507	0.70163083	-0.009526807	2.84	16.074074	8.806252	32.0	0.0	0.2606358	0.2394891	0.70163083	-0.009526807	0.22393614	0.041438933	0.33634663	0.17184405	11300	-0.025041178	0.029140605	-0.0032627918	-3.864197e-05	2.5041149	-0.00060176366	0.0	4.0	43.15755248069763	208
113	0.24705087	0.26199746	0.7312432	0.0	3.2083333	21.407408	10.278562	36.0	0.0	0.25048757	0.2753529	0.7312432	0.0	0.22358091	0.040461805	0.3239358	0.16147554	11400	-0.02467002	0.037775546	-0.0057765413	-8.422835e-05	2.467	0.0021888686	0.0	4.0	43.61400651931763	220
114	0.324557	0.1828435	0.71573925	3.330669e-16	2.6923077	16.51724	11.964375	37.0	0.0	0.3459964	0.17840114	0.71573925	3.330669e-16	0.22800215	0.044471037	0.32763857	0.17856932	11500	-0.024690863	0.021690702	-0.0027461587	-0.0010672214	2.4690847	-0.0016126466	0.0	4.0	44.07800912857056	216
115	0.24592467	0.23075709	0.6912737	0.0	3.0	15.346154	10.302884	35.0	0.0	0.27465355	0.23012544	0.6912737	0.0	0.24335375	0.049643084	0.36591783	0.18465532	11600	-0.024417033	0.026320087	-0.0022950126	-0.00024311198	2.4417057	-7.8389625e-05	0.0	4.0	44.50787663459778	234
116	0.270658	0.24099632	0.83289844	0.0	2.9583333	15.461538	10.898944	36.0	0.0	0.30009848	0.24277718	0.83289844	0.0	0.25770319	0.056895442	0.40067816	0.19158925	11700	-0.024452992	0.02919218	-0.003190305	-0.00029405626	2.4452963	3.493781e-05	0.0	4.0	45.0298855304718	192
117	0.2010607	0.24039763	0.7668933	0.0	3.0	20.407408	8.624939	32.0	0.0	0.22920029	0.24708521	0.7668933	0.0	0.26875916	0.06269039	0.4305479	0.19736099	11800	-0.024514973	0.032477047	-0.0020560436	0.00014729938	2.451498	0.000431602	0.0	4.0	45.643330812454224	164
118	0.24011546	0.20571569	0.6738477	0.0	2.6538463	16.758621	11.006754	37.0	0.0	0.27034596	0.20695738	0.6738477	0.0	0.26709634	0.06289527	0.44295505	0.198755	11900	-0.024748165	0.022082508	-0.0024438929	-7.470499e-05	2.474823	0.00039326906	0.0	4.0	46.136773109436035	203
119	0.1833499	0.20337385	0.66453195	3.330669e-16	2.64	16.214285	11.1623	36.0	1.0	0.21286726	0.20756109	0.66453195	3.330669e-16	0.25796723	0.053385768	0.39196002	0.19736382	12000	-0.024878547	0.021761432	-0.00123474	-0.0003832134	2.4878585	-0.00041135555	0.0	4.0	46.6387414932251	200
120	0.22508317	0.2156871	0.71348876	3.330669e-16	2.5185184	18.266666	10.923777	37.0	0.0	0.25449416	0.21198511	0.71348876	3.330669e-16	0.25701836	0.05805059	0.39488584	0.19475089	12100	-0.02467161	0.021892807	-0.0025587976	-0.00011895294	2.4671607	0.00019488335	0.0	4.0	47.21453332901001	174
121	0.15808716	0.1911569	0.5554749	2.220446e-16	2.5769231	17.551723	10.210158	35.0	4.0	0.19816081	0.19391593	0.5554749	2.220446e-16	0.24239737	0.04626986	0.35342145	0.17713097	12200	-0.024949208	0.01847265	-0.0037239753	-0.00030433177	2.494928	0.00095905305	0.0	4.0	47.78103280067444	178
122	0.23159586	0.19655778	0.6235454	0.0	3.2727273	20.04	9.848777	37.0	4.0	0.23529541	0.19355619	0.6235454	0.0	0.23868282	0.044846006	0.3507769	0.18773916	12300	-0.024406344	0.019591358	-0.00075724255	-0.0002182934	2.4406338	-0.000758934	0.0	4.0	48.27137732505798	205
123	0.21502067	0.2027077	0.6222885	0.0	3.0	18.0	9.631679	37.0	1.0	0.24011694	0.19928403	0.6222885	0.0	0.22977449	0.03966913	0.32381985	0.1840595	12400	-0.024549678	0.019639093	-0.0020747166	1.2147357e-05	2.454969	0.00042900562	0.0	4.0	48.76189875602722	204
124	0.19922501	0.1890401	0.5824772	0.0	3.0833333	16.0	9.3650255	32.0	3.0	0.23326172	0.19136529	0.5824772	0.0	0.22734156	0.0401399	0.31583917	0.17393637	12500	-0.024147298	0.0177079	-0.0034822174	1.3705343e-05	2.414731	-7.703318e-06	0.0	4.0	49.32340955734253	179
125	0.21786028	0.22219181	0.6149079	0.0	3.1304348	20.153847	10.9182005	37.0	0.0	0.233354	0.22075014	0.6149079	0.0	0.21884434	0.032367103	0.31129193	0.17421532	12600	-0.024517499	0.024053391	-0.0024264008	-6.300397e-06	2.451753	0.00076979166	0.0	4.0	49.800232887268066	211
126	0.24693282	0.20483369	0.6321247	0.0033396923	2.8333333	17.5	11.95378	37.0	0.0	0.27544546	0.20394298	0.6321247	0.0033396923	0.21844287	0.033889033	0.3209508	0.1656408	12700	-0.024862967	0.021133408	-0.0020423084	-0.00030971272	2.4862976	0.00016055108	0.0	4.0	50.19283485412598	256
127	0.2541959	0.17559992	0.5990589	0.0	2.76	20.142857	10.422209	36.0	1.0	0.26720372	0.17021167	0.5990589	0.0	0.22625816	0.03542217	0.31652957	0.16012791	12800	-0.024959352	0.01508612	-0.0018021092	-0.00022024731	2.495936	0.00056993245	0.0	4.0	50.586522817611694	255
128	0.28007546	0.19083095	0.63733023	0.0	3.0	18.444445	9.874521	37.0	1.0	0.28982538	0.17765546	0.63733023	0.0	0.2376632	0.04233722	0.35879278	0.1884881	12900	-0.024707213	0.016545935	-0.002163657	-0.0003037824	2.4707174	-0.00087336305	0.0	4.0	51.05894494056702	212
129	0.19438584	0.20087875	0.6490987	0.0	3.125	20.178572	11.554386	37.0	0.0	0.19496928	0.19952916	0.6490987	0.0	0.24808699	0.048133977	0.3680628	0.19329318	13000	-0.024419326	0.022609785	-0.0047768573	2.8267968e-05	2.4419324	0.0020871686	0.0	4.0	51.46994090080261	244
130	0.29827917	0.20367928	0.6644659	0.0	3.090909	22.0	8.774964	36.0	3.0	0.31391138	0.18957675	0.6644659	0.0	0.24962132	0.04806798	0.3888314	0.1743505	13100	-0.024420127	0.019922515	-0.0022988822	1.6796635e-05	2.4420133	0.0010034681	0.0	4.0	51.89433789253235	236
131	0.22731154	0.18979324	0.63184744	0.0	3.0833333	19.925926	11.138608	37.0	1.0	0.22870903	0.18412927	0.63184744	0.0	0.24833831	0.04764968	0.34621793	0.18199483	13200	-0.02427173	0.018015325	-0.0047132364	-0.00010189996	2.4271734	0.0010167384	0.0	4.0	52.33861589431763	226
132	0.2562382	0.20645662	0.6566477	0.0	2.8846154	16.714285	10.585897	35.0	1.0	0.24958801	0.2151043	0.6566477	0.0	0.24732646	0.045501746	0.35625547	0.18889366	13300	-0.024321094	0.023479173	-0.007582618	-0.00019132253	2.4321089	0.0018941021	0.0	4.0	52.7834255695343	226
133	0.18875735	0.22057791	0.76750034	0.0	2.4814816	17.032259	10.237452	37.0	0.0	0.2204952	0.23710424	0.76750034	0.0	0.23136535	0.036969166	0.336747	0.18733668	13400	-0.024590597	0.027556721	-0.0042066798	-5.675573e-05	2.459059	0.0025656032	0.0	4.0	53.23607921600342	222
134	0.22910516	0.21451227	0.6426145	0.0	3.1304348	15.777778	11.337689	36.0	0.0	0.23363693	0.2128886	0.6426145	0.0	0.2346728	0.037461963	0.31834054	0.17505747	13500	-0.023773968	0.02283334	-0.006700549	-0.00018166797	2.3774	0.0045559765	0.0	4.0	53.61295247077942	267
135	0.20701022	0.19797976	0.5845397	0.0	3.0	16.407408	11.842358	35.0	2.0	0.21937504	0.18746221	0.5845397	0.0	0.22248897	0.030027516	0.2899916	0.17288151	13600	-0.023905814	0.01755322	-0.0037738807	-0.00011884142	2.390582	0.002650733	0.0	4.0	54.03868007659912	236
136	0.2545614	0.21692197	0.6930779	3.330669e-16	2.5	18.4	10.578595	35.0	1.0	0.28611138	0.20604236	0.6930779	3.330669e-16	0.21722935	0.031715814	0.31508553	0.1677323	13700	-0.024201632	0.022044292	-0.001474306	-8.525094e-05	2.420161	-0.0009038496	0.0	4.0	54.49786710739136	218
137	0.2156793	0.19308403	0.6590199	3.330669e-16	2.4642856	17.8	11.622966	36.0	0.0	0.23384455	0.19338156	0.6590199	3.330669e-16	0.21688966	0.026919307	0.28582793	0.18002158	13800	-0.02437906	0.01790752	-0.0024633228	-8.119247e-05	2.437902	0.0003199124	0.0	4.0	54.93055868148804	232
138	0.28350747	0.23184885	0.7490759	5.7302503e-07	2.6923077	16.689655	11.709423	37.0	0.0	0.32697928	0.23055613	0.7490759	5.7302503e-07	0.22797337	0.033869013	0.31608266	0.16207144	13900	-0.023776874	0.029956803	-0.002367517	-0.0012820534	2.3776913	0.000117502204	0.0	4.0	55.36869716644287	229
139	0.23068058	0.1860983	0.63084704	0.0	2.875	16.035715	11.583492	34.0	0.0	0.25859496	0.17426972	0.63084704	0.0	0.24416056	0.040851843	0.33227995	0.19901903	14000	-0.02341206	0.0143475225	-0.0033837147	-6.5527856e-06	2.3412051	-0.00074962137	0.0	4.0	55.77635431289673	246
140	0.28516096	0.23163265	0.7267616	3.330669e-16	2.357143	20.866667	10.439455	37.0	2.0	0.3171184	0.22405116	0.7267616	3.330669e-16	0.25355345	0.043663457	0.37451768	0.20024751	14100	-0.024523914	0.025288774	-0.003304042	-0.0005881896	2.452391	0.0015016723	0.0	4.0	56.228617429733276	222
141	0.21934658	0.175359	0.6641287	0.0	2.6	16.103449	9.037641	35.0	0.0	0.24180135	0.1763729	0.6641287	0.0	0.27056187	0.05351197	0.42740488	0.21097879	14200	-0.024073549	0.016542666	-0.0024803297	0.00028010597	2.4073548	-0.00035758736	0.0	4.0	56.70170521736145	212
142	0.14507142	0.1627871	0.5324527	0.0	2.2413793	16.212122	10.188399	37.0	0.0	0.19032206	0.16856162	0.5324527	0.0	0.2685428	0.056549177	0.44732898	0.21367249	14300	-0.02457273	0.015634421	-0.004147632	-0.00034969137	2.4572701	0.000756278	0.0	4.0	57.14374256134033	227
143	0.24519795	0.18141255	0.5544977	0.0	2.76	20.241379	11.804894	37.0	2.0	0.27128446	0.18093143	0.5544977	0.0	0.2685992	0.053758595	0.4055408	0.2111533	14400	-0.024291918	0.015959077	-0.0032237116	-5.7681813e-05	2.429189	0.00067695853	0.0	4.0	57.60897874832153	215
144	0.21555977	0.20721322	0.61048234	0.0	2.875	21.178572	10.518872	37.0	3.0	0.24978581	0.20535754	0.61048234	0.0	0.2657422	0.05169536	0.41597956	0.2079576	14500	-0.02381701	0.020878289	-0.0028594118	-0.000210481	2.381702	0.00047040702	0.0	4.0	58.06094455718994	222
145	0.2946863	0.20576055	0.7368547	-0.07899701	2.9166667	18.296297	10.606828	36.0	2.0	0.308912	0.21395026	0.7368547	-0.07899701	0.25941885	0.046411626	0.3619963	0.20389551	14600	-0.023876794	0.023673646	-0.0014342926	7.9146586e-05	2.38768	0.0001157546	0.0	4.0	58.520055294036865	218
146	0.2173916	0.2122288	0.6257322	3.330669e-16	2.5	18.3	10.523466	36.0	0.0	0.260115	0.21422686	0.6257322	3.330669e-16	0.24608304	0.038869333	0.35020462	0.20460598	14700	-0.024409212	0.02083572	-0.0036519654	-6.547896e-05	2.440921	0.00072927715	0.0	4.0	59.031665325164795	197
147	0.26259133	0.21699259	0.7412715	0.0	2.9166667	15.962963	10.570684	37.0	1.0	0.27252224	0.20988932	0.7412715	0.0	0.2545364	0.0413516	0.3626035	0.19226906	14800	-0.024256937	0.02161843	-0.0011232914	-7.5935386e-06	2.4256961	0.00014126064	0.0	4.0	59.525601863861084	203
148	0.21061023	0.20902449	0.62663096	3.330669e-16	2.3214285	17.84375	12.462718	37.0	0.0	0.23997098	0.21041197	0.62663096	3.330669e-16	0.24963166	0.039961867	0.34618834	0.20225278	14900	-0.024944395	0.021165898	-0.0027490705	-1.2437813e-05	2.4944386	0.0010598993	0.0	4.0	60.058220624923706	188
149	0.30346096	0.20250684	0.64215463	3.330669e-16	2.68	17.034483	12.962766	37.0	1.0	0.31352034	0.18503429	0.64215463	3.330669e-16	0.2576911	0.044852804	0.38622478	0.20236619	15000	-0.024602346	0.018279359	-0.0020720903	-9.523658e-05	2.4602304	0.00059186935	0.0	4.0	60.52143311500549	216
150	0.20671596	0.21431108	0.67274415	0.0	2.6296296	15.862069	10.865079	37.0	1.0	0.25341284	0.21935508	0.67274415	0.0	0.25630176	0.045011822	0.36946997	0.2017032	15100	-0.024441913	0.021643516	-0.002206456	-1.4497433e-05	2.4441886	-0.00027397153	0.0	4.0	61.01091909408569	205
151	0.3231078	0.23649548	0.792026	3.330669e-16	2.909091	18.884615	11.032563	37.0	0.0	0.34945363	0.20778443	0.792026	3.330669e-16	0.26909328	0.050323855	0.3880615	0.18686508	15200	-0.024363665	0.02434651	-0.0017527961	-0.00038109953	2.436371	-0.0006094313	0.0	4.0	61.396753787994385	260
152	0.28622603	0.18797113	0.64531463	0.0	2.9565217	23.37037	11.284693	37.0	3.0	0.2961774	0.17396653	0.64531463	0.0	0.2807647	0.055905484	0.3979273	0.21572964	15300	-0.024040371	0.015537696	-0.0024929186	5.3690746e-05	2.4040337	0.00040277242	0.0	4.0	61.844003438949585	224
153	0.2728758	0.20851403	0.7381169	3.330669e-16	2.64	17.607143	11.613844	37.0	0.0	0.3121068	0.20140982	0.7381169	3.330669e-16	0.27737677	0.0514439	0.42606774	0.20898366	15400	-0.024600837	0.019666772	-0.0026657078	-0.00013172114	2.4600854	0.0006220437	0.0	4.0	62.25227928161621	246
154	0.21164674	0.17831297	0.5766014	3.330669e-16	3.2727273	18.916666	9.096321	35.0	2.0	0.25033525	0.17662765	0.5766014	3.330669e-16	0.29442772	0.06028781	0.43529367	0.1903474	15500	-0.023792326	0.01590808	-0.004753042	-6.888225e-05	2.3792355	0.00059545285	0.0	4.0	62.64746952056885	254
155	0.22357139	0.2367792	0.7791707	0.0	3.409091	19.708334	10.830048	37.0	2.0	0.27022275	0.24573809	0.7791707	0.0	0.2957754	0.06490426	0.44048157	0.20057198	15600	-0.023505937	0.030127835	-0.0021318225	-0.00028236303	2.350594	-0.00085742713	0.0	4.0	63.03732514381409	257
156	0.30920038	0.27203074	0.70522934	0.0	3.6190476	18.5	11.165422	37.0	0.0	0.31047502	0.2638405	0.70522934	0.0	0.287903	0.057139385	0.4270379	0.21245697	15700	-0.02359759	0.03823936	-0.0019984096	-0.00017035147	2.3597553	0.0011638093	0.0	4.0	63.40850806236267	270
157	0.30744317	0.21300988	0.6591736	0.0	2.6923077	17.413794	9.778644	37.0	2.0	0.30535364	0.2101076	0.6591736	0.0	0.26287377	0.043951936	0.3980013	0.20712905	15800	-0.024899632	0.022460654	-0.0030015968	-1.4759135e-06	2.4899645	-0.00043523312	0.0	4.0	63.82028007507324	244
158	0.28481248	0.21611373	0.694847	-0.08378059	2.6296296	14.4	10.641428	34.0	0.0	0.30842862	0.21537365	0.694847	-0.08378059	0.26411095	0.043039713	0.36347243	0.21719047	15900	-0.024709802	0.023534195	-0.002667185	-8.51911e-05	2.4709797	-0.0009270811	0.0	4.0	64.24439477920532	236
159	0.26995167	0.23386003	0.74617004	3.330669e-16	2.5	19.241379	12.021978	37.0	2.0	0.30862102	0.2243161	0.74617004	3.330669e-16	0.2650112	0.043466937	0.37424436	0.21409218	16000	-0.02464868	0.024960449	-0.0013234983	-0.00021531619	2.4648693	-0.0002172637	0.0	4.0	64.67435932159424	233
160	0.20277165	0.2051793	0.66053885	0.0	3.1304348	19.961538	11.862937	37.0	2.0	0.22866587	0.20100981	0.66053885	0.0	0.27655444	0.047411893	0.3802204	0.21906805	16100	-0.023928493	0.021265084	-0.0026389435	-5.8772974e-05	2.3928535	0.00034685852	0.0	4.0	65.12504267692566	222
161	0.239843	0.20497602	0.6112682	3.330669e-16	2.826087	17.074074	9.850459	37.0	2.0	0.26373622	0.186985	0.6112682	3.330669e-16	0.27461946	0.04509037	0.37287304	0.21816805	16200	-0.023958705	0.01671606	-0.0018640296	-0.00022606406	2.3958688	0.0005858898	0.0	4.0	65.53296780586243	246
162	0.1849905	0.22317533	0.67567843	-0.03325924	2.3	17.8125	12.184615	37.0	2.0	0.22710623	0.24002786	0.67567843	-0.03325924	0.26015705	0.03914377	0.35096356	0.18961284	16300	-0.024660945	0.027842203	-0.0022814209	-0.00022614468	2.466097	0.00023174763	0.0	4.0	65.96143245697021	234
163	0.26744214	0.21444479	0.7198843	0.0	2.76	20.285715	9.815648	35.0	0.0	0.2683333	0.20651044	0.7198843	0.0	0.25523868	0.034621447	0.3434952	0.20648777	16400	-0.024603575	0.020819422	-0.0023360252	-3.3010496e-05	2.4603581	6.389854e-05	0.0	4.0	66.42536735534668	216
164	0.31639826	0.18356824	0.6461518	0.0	2.9545455	14.384615	10.325759	37.0	0.0	0.3356462	0.17209613	0.6461518	0.0	0.24945427	0.030871397	0.32132843	0.21033624	16500	-0.023879435	0.017609537	-0.0036781956	-0.0002943438	2.387947	0.0013059163	0.0	4.0	66.9786684513092	181
165	0.23838097	0.24454413	0.7386335	3.330669e-16	2.6956522	22.185184	10.295764	37.0	4.0	0.27670288	0.24155106	0.7386335	3.330669e-16	0.25092372	0.03277924	0.33609477	0.19159994	16600	-0.024148993	0.027134366	-0.002907928	-0.00023540808	2.4148998	0.000109679735	0.0	4.0	67.63420462608337	153
166	0.22407085	0.20105112	0.6681632	0.0	2.84	15.965517	8.310702	37.0	2.0	0.24837428	0.20323685	0.6681632	0.0	0.2647897	0.03881832	0.3460088	0.21876687	16700	-0.023857206	0.020494532	-0.002255047	0.00012297253	2.3857195	0.0008929229	0.0	4.0	68.31289505958557	148
167	0.21163553	0.19230168	0.7117233	0.0	2.84	15.928572	11.495119	36.0	0.0	0.2337998	0.1969101	0.7117233	0.0	0.26974955	0.041419007	0.37742	0.19323498	16800	-0.023916468	0.020083297	-0.0028507086	-0.00015830318	2.3916512	0.000732522	0.0	4.0	69.02873373031616	140
168	0.26894	0.2529318	0.730825	3.330669e-16	2.4285715	15.75	10.377259	36.0	1.0	0.30724657	0.25145268	0.730825	3.330669e-16	0.25835973	0.035865407	0.340802	0.20381455	16900	-0.024706265	0.03113177	-0.0011436325	2.4467474e-05	2.470631	-0.00032515763	0.0	4.0	69.79379796981812	131
169	0.29992497	0.20490319	0.6801263	0.0	2.6538463	19.413794	10.8294525	36.0	1.0	0.30342528	0.20002556	0.6801263	0.0	0.26885194	0.039063543	0.35153288	0.2237462	17000	-0.024240894	0.020370983	-0.0022393875	-5.9036538e-05	2.424092	-0.0005981112	0.0	4.0	70.44464373588562	154
170	0.24135333	0.23926553	0.75684416	0.0	3.3181818	19.2	10.785175	37.0	1.0	0.23008026	0.22769858	0.75684416	0.0	0.27315322	0.040302373	0.3758816	0.20917949	17100	-0.023082867	0.026964843	-0.0051434096	-0.00043295696	2.3082886	0.0032905438	0.0	4.0	71.12312936782837	148
171	0.34466863	0.21488163	0.73886436	0.0	3.0869565	15.37037	10.534417	36.0	0.0	0.35896814	0.20543857	0.73886436	0.0	0.2693218	0.036772583	0.34559572	0.22302291	17200	-0.023487896	0.024130054	-0.0026316158	4.7952868e-05	2.3487856	0.00034704455	0.0	4.0	71.84248614311218	140
172	0.32140365	0.2024898	0.74486804	0.002707873	2.7307692	18.464285	10.884071	37.0	2.0	0.33550522	0.19804622	0.74486804	0.002707873	0.26510262	0.035511028	0.35910225	0.21047541	17300	-0.023614533	0.021547101	-0.0016305558	-0.0005038008	2.3614562	-0.0005856061	0.0	4.0	72.57391405105591	137
173	0.2284097	0.19770451	0.7521323	0.0	2.5185184	13.827586	11.107838	36.0	0.0	0.25577646	0.19734547	0.7521323	0.0	0.2755912	0.041775435	0.38415673	0.23123145	17400	-0.023956109	0.017995939	-0.0030192006	0.00016677007	2.3956096	0.00026130915	0.0	4.0	73.27258229255676	144
174	0.25002193	0.16443105	0.5299984	3.330669e-16	2.2592592	19.419355	11.352914	37.0	0.0	0.28299564	0.15546893	0.5299984	3.330669e-16	0.2807765	0.043896228	0.39212298	0.23455195	17500	-0.02399452	0.010861453	-0.0029036822	-8.638715e-06	2.399451	-0.00023171185	0.0	4.0	73.92508912086487	154
175	0.31721613	0.22988123	0.78982615	3.330669e-16	2.6538463	15.857142	9.8948555	34.0	0.0	0.33737603	0.21986166	0.78982615	3.330669e-16	0.28884625	0.04514692	0.39470673	0.23598301	17600	-0.023684083	0.02470408	-0.0017985329	-0.00012110965	2.3684068	0.0004586959	0.0	4.0	74.44246816635132	194
176	0.21779646	0.2311728	0.7618827	0.0	2.6153846	18.966667	10.873465	36.0	1.0	0.2375213	0.23725903	0.7618827	0.0	0.2884441	0.047712646	0.40712	0.21881957	17700	-0.023732454	0.02796203	-0.0025205873	-0.00010401406	2.3732507	-0.00033512106	0.0	4.0	75.03658771514893	168
177	0.30791715	0.24451289	0.7050551	0.0	3.173913	19.846153	10.963901	37.0	1.0	0.33612356	0.23887429	0.7050551	0.0	0.29254663	0.046553914	0.38179362	0.2353651	17800	-0.022877552	0.029143272	-0.0024420917	4.4615474e-05	2.2877605	0.00015699385	0.0	4.0	75.67242741584778	158
178	0.36103404	0.2276148	0.6988665	3.330669e-16	2.6153846	15.1	10.146756	34.0	0.0	0.386814	0.20728204	0.6988665	3.330669e-16	0.28792372	0.041840848	0.38154775	0.23777796	17900	-0.023732558	0.024498183	-0.0013918774	-0.00074238563	2.3732576	-8.373975e-05	0.0	4.0	76.25059866905212	174
179	0.23914945	0.21457958	0.6504456	3.330669e-16	2.76	17.892857	10.051081	36.0	1.0	0.2938143	0.20739926	0.6504456	3.330669e-16	0.2983561	0.049266946	0.41683242	0.2426849	18000	-0.023375468	0.019055562	-0.003852319	-2.1673972e-05	2.3375483	-0.00013030053	0.0	4.0	76.7957501411438	184
180	0.2980264	0.21804051	0.7104592	3.330669e-16	2.5925925	17.966667	10.451422	36.0	0.0	0.3141237	0.21829595	0.7104592	3.330669e-16	0.30838072	0.05584333	0.45800972	0.2370259	18100	-0.02381406	0.023048323	-0.0035486333	4.474935e-05	2.3814092	0.001224091	0.0	4.0	77.29848504066467	200
181	0.29107243	0.18260013	0.6197829	3.330669e-16	2.875	19.222221	10.733586	37.0	1.0	0.3145817	0.16349739	0.6197829	3.330669e-16	0.3113207	0.055816643	0.45909348	0.22359839	18200	-0.023566797	0.012694826	-0.0023094732	-2.0286301e-05	2.3566818	0.00050561904	0.0	4.0	77.88847494125366	170
182	0.21542665	0.19221187	0.69972706	0.0	2.88	18.0	10.048033	36.0	0.0	0.23560084	0.19620144	0.69972706	0.0	0.32171857	0.06333891	0.4743178	0.23079824	18300	-0.023263976	0.023214996	-0.0023602508	-0.0011774972	2.3263931	0.00017625574	0.0	4.0	78.41779613494873	189
183	0.29413173	0.19423696	0.67524093	0.0	2.9583333	17.148148	10.069035	36.0	1.0	0.30709213	0.18801975	0.67524093	0.0	0.3018291	0.049442817	0.41664642	0.22615266	18400	-0.023627453	0.017423162	-0.0015021954	-0.00019471231	2.3627436	0.00042628287	0.0	4.0	78.91363501548767	203
184	0.23168327	0.16483025	0.53776157	0.0	2.8	20.107143	11.733162	37.0	1.0	0.24379054	0.15837637	0.53776157	0.0	0.2891797	0.04369236	0.38295114	0.21207832	18500	-0.02365997	0.012825334	-0.0043821335	-0.00076294574	2.365998	0.00021440274	0.0	4.0	79.36034655570984	225
185	0.30597246	0.18484516	0.58468986	3.330669e-16	2.8	20.035715	11.589658	37.0	1.0	0.3315261	0.17959264	0.58468986	3.330669e-16	0.26976982	0.031342834	0.33518398	0.20408553	18600	-0.023727342	0.016635422	-0.0015237639	0.00038244994	2.3727307	-8.152961e-05	0.0	4.0	79.85614109039307	203
186	0.21537487	0.1833535	0.5151091	0.0	2.84	16.714285	10.826083	37.0	0.0	0.22761627	0.17779706	0.5151091	0.0	0.27031788	0.03316097	0.35374856	0.22598204	18700	-0.023390353	0.015993552	-0.0039247805	-0.0001762053	2.3390357	0.00080657005	0.0	4.0	80.37492609024048	194
187	0.2941621	0.20018078	0.6766401	3.330669e-16	2.826087	14.769231	10.69618	35.0	1.0	0.31494075	0.18496615	0.6766401	3.330669e-16	0.26283902	0.02565811	0.3372345	0.23464964	18800	-0.023261681	0.01759025	-0.0014696219	1.7011305e-05	2.3261685	0.0008348727	0.0	4.0	81.0767993927002	143
188	0.26692	0.1959656	0.6700957	0.0	3.0869565	20.555555	11.386585	37.0	1.0	0.2748945	0.18673602	0.6700957	0.0	0.26496586	0.027723465	0.32785514	0.21440609	18900	-0.022879258	0.016465664	-0.0033933446	5.7794387e-07	2.2879245	0.0020884466	0.0	4.0	81.87283182144165	126
189	0.28104824	0.19261114	0.57225996	2.220446e-16	2.6296296	19.107143	10.621202	37.0	1.0	0.30530053	0.18000065	0.57225996	2.220446e-16	0.26830703	0.030949075	0.3373824	0.19435245	19000	-0.023620285	0.015657242	-0.0012173392	-0.00022540381	2.362025	0.0004765606	0.0	4.0	82.55330896377563	147
190	0.28643447	0.22520429	0.6875084	0.0	2.92	17.555555	9.117884	34.0	2.0	0.32352436	0.21907339	0.6875084	0.0	0.2715866	0.030171555	0.3611225	0.22835071	19100	-0.023063965	0.0242628	-0.0025681956	-0.0006146324	2.306398	0.00087896106	0.0	4.0	83.30389952659607	133
191	0.30581647	0.1853435	0.75892514	0.0071004233	2.7916667	15.592592	12.233104	36.0	0.0	0.3182431	0.18044724	0.75892514	0.0071004233	0.28567392	0.038051598	0.37312883	0.22672394	19200	-0.023281299	0.015426141	-0.0020432174	-0.00018922752	2.3281317	6.789208e-05	0.0	4.0	84.09059071540833	127
192	0.31787115	0.23876493	0.6950343	0.0	2.84	21.103449	9.721447	37.0	2.0	0.33288753	0.24340104	0.6950343	0.0	0.29777634	0.046488233	0.40887353	0.23041797	19300	-0.023414608	0.030081203	-0.0019485417	-0.00011013076	2.3414612	6.731512e-05	0.0	4.0	84.83379626274109	135
193	0.28189152	0.18446514	0.6578087	0.0	2.72	20.172413	9.892767	37.0	1.0	0.28175643	0.17892739	0.6578087	0.0	0.30560935	0.049705494	0.43144193	0.2061193	19400	-0.023544982	0.016759915	-0.0025791414	6.602844e-06	2.3544946	0.0005694437	0.0	4.0	85.53191542625427	144
194	0.25363305	0.21254009	0.7119516	0.0	2.392857	16.387096	9.947207	37.0	0.0	0.26552618	0.21026309	0.7119516	0.0	0.30557358	0.048285004	0.42697507	0.25300097	19500	-0.023654655	0.023178022	-0.0012526112	-0.00039668218	2.3654618	0.0001680899	0.0	4.0	86.19373416900635	152
195	0.28645805	0.23554043	0.7405296	0.0	2.4285715	21.838709	11.09518	36.0	2.0	0.31098807	0.2277418	0.7405296	0.0	0.29955006	0.045685373	0.40426055	0.22005945	19600	-0.023985654	0.024424631	-0.0031247083	2.7257716e-05	2.3985662	-0.0008139587	0.0	4.0	86.93422245979309	135
196	0.238803	0.20777938	0.6306101	0.0	2.76	21.214285	10.991416	37.0	0.0	0.2721925	0.21308677	0.6306101	0.0	0.29406253	0.039847467	0.37885365	0.24084085	19700	-0.022929028	0.021211512	-0.0028210133	-8.747587e-05	2.2929077	-5.176544e-05	0.0	4.0	87.64237976074219	142
197	0.29896584	0.19006555	0.78151464	0.0	3.0	20.185184	10.917322	36.0	0.0	0.3140941	0.19823354	0.78151464	0.0	0.29064235	0.03758456	0.39079615	0.24038249	19800	-0.0229613	0.019139089	-0.0018209927	4.0746876e-05	2.296129	3.9243605e-06	0.0	4.0	88.24759602546692	166
198	0.24869555	0.2028829	0.7214583	0.0	2.4615386	18.166666	11.030513	37.0	1.0	0.2823158	0.20647268	0.7214583	0.0	0.28455833	0.037987594	0.3707835	0.2247812	19900	-0.023554634	0.019400321	-0.0023588166	-1.0704971e-05	2.3554647	1.8699182e-05	0.0	4.0	88.91200613975525	151
199	0.23563547	0.23616338	0.6869431	-0.19680533	3.0416667	19.0	12.1228285	37.0	0.0	0.24468556	0.22378081	0.6869431	-0.19680533	0.2916747	0.034932	0.3745987	0.22397351	20000	-0.022830635	0.02638096	-0.0035040174	-0.00040745223	2.283062	0.0021681716	0.0	4.0	89.52533149719238	164
200	0.34378302	0.23793133	0.69924265	0.0	2.64	18.571428	11.0822525	36.0	0.0	0.36857623	0.21882589	0.69924265	0.0	0.28242967	0.032605715	0.3674848	0.24258253	20100	-0.023078732	0.027096413	-0.0025613643	7.285876e-05	2.3078773	0.00032087803	0.0	4.0	90.18611192703247	151
201	0.3177744	0.21217676	0.65377814	0.0	2.88	15.655172	10.648866	35.0	0.0	0.31870887	0.20530096	0.65377814	0.0	0.280506	0.032920726	0.35665125	0.2067833	20200	-0.022822231	0.021599367	-0.005531892	-0.000111188274	2.282222	0.0013349532	0.0	4.0	90.84384155273438	153
202	0.23728202	0.21253458	0.7346353	0.0	2.5714285	20.1	11.347099	37.0	0.0	0.26321307	0.2198494	0.7346353	0.0	0.2872474	0.03376233	0.371126	0.22815475	20300	-0.022848204	0.023898872	-0.0030765366	5.5274926e-05	2.284821	0.0011805724	0.0	4.0	91.5904586315155	134
203	0.282107	0.19752356	0.6658594	0.0	2.4814816	17.758621	10.842621	36.0	1.0	0.29707015	0.19655286	0.6658594	0.0	0.29322803	0.037196573	0.37304723	0.23794726	20400	-0.0227568	0.018502666	-0.0028626919	-6.720843e-05	2.2756808	0.00025606644	0.0	4.0	92.2679295539856	148
204	0.3177023	0.18823452	0.6600102	3.330669e-16	2.1666667	19.363636	9.877486	34.0	2.0	0.33716348	0.18579054	0.6600102	3.330669e-16	0.2837685	0.034780495	0.3708177	0.22054324	20500	-0.02366218	0.017015949	-0.0011808313	-0.000102682156	2.36622	-0.0012028741	0.0	4.0	92.92028069496155	154
205	0.32004723	0.21164414	0.722035	3.330669e-16	2.3703704	16.193548	9.4848585	34.0	0.0	0.36279166	0.19965854	0.722035	3.330669e-16	0.28764835	0.038104422	0.38041776	0.20797315	20600	-0.02327637	0.021564579	-0.002413066	-0.0008393598	2.3276424	-6.163356e-05	0.0	4.0	93.68336963653564	131
206	0.35789776	0.212523	0.6985988	3.330669e-16	2.9166667	18.846153	11.117181	36.0	0.0	0.36351997	0.20599674	0.6985988	3.330669e-16	0.30485725	0.04213678	0.40536642	0.20801787	20700	-0.022543892	0.02222376	-0.0017903354	-0.00048700953	2.2543907	8.291481e-05	0.0	4.0	94.40530800819397	139
207	0.28656128	0.1668863	0.6664531	3.330669e-16	2.2857144	19.21875	12.131401	37.0	1.0	0.3013459	0.16684909	0.6664531	3.330669e-16	0.31475434	0.048137072	0.4348165	0.25145558	20800	-0.02366494	0.013709145	-0.0028318907	0.00021898898	2.3664954	0.0011168409	0.0	4.0	95.17346978187561	131
208	0.32448947	0.22745475	0.74667877	3.330669e-16	3.1304348	13.846154	9.083766	31.0	2.0	0.36294118	0.22632438	0.74667877	3.330669e-16	0.3336581	0.059407223	0.4526901	0.23756975	20900	-0.021777175	0.023964204	-0.0032330602	-8.78619e-05	2.1777182	-0.0017206741	0.0	4.0	95.6972587108612	192
209	0.35968068	0.21306215	0.6426259	0.0	3.3636363	15.333333	11.29036	35.0	0.0	0.36962306	0.20295386	0.6426259	0.0	0.35135567	0.062449638	0.48112312	0.27033353	21000	-0.02155678	0.02387498	-0.004064408	-8.246512e-05	2.155678	0.00030992032	0.0	4.0	96.18469977378845	206
210	0.18886626	0.1885393	0.4618261	0.0	2.3448277	15.8125	12.11517	37.0	0.0	0.20217553	0.18722524	0.4618261	0.0	0.32890522	0.056393843	0.45215508	0.236924	21100	-0.02353765	0.025386207	-0.0021026563	-0.0017678435	2.353767	-6.658316e-05	0.0	4.0	96.67549419403076	204
211	0.3385239	0.220768	0.77830243	3.330669e-16	2.75	15.25	11.849126	37.0	0.0	0.35543486	0.2149891	0.77830243	3.330669e-16	0.3233261	0.049386766	0.4314881	0.26175767	21200	-0.022570845	0.023573324	-0.001659438	0.00026205904	2.2570822	0.0004084659	0.0	4.0	97.11047911643982	231
212	0.18008892	0.20076466	0.61645544	3.330669e-16	2.4444444	19.0	11.051201	36.0	1.0	0.2322377	0.20758428	0.61645544	3.330669e-16	0.29451144	0.033015244	0.36588275	0.22157794	21300	-0.022957966	0.02178028	-0.003193386	-0.00023940741	2.2957938	-0.00012634043	0.0	4.0	97.53653192520142	235
213	0.37914735	0.23258641	0.80966747	0.0	3.1818182	16.923077	10.943643	37.0	0.0	0.38675043	0.22223562	0.80966747	0.0	0.29907593	0.032218937	0.3707359	0.25837988	21400	-0.021986298	0.02774788	-0.0021758564	-1.9774772e-05	2.1986275	-0.0006915712	0.0	4.0	97.92453098297119	259
214	0.25549263	0.19930945	0.6999717	0.0	2.6666667	18.48276	11.839794	37.0	0.0	0.27845895	0.1984298	0.6999717	0.0	0.29451224	0.035273757	0.36494055	0.22227255	21500	-0.022710588	0.018086946	-0.0030664466	5.98575e-05	2.2710624	0.00020641563	0.0	4.0	98.36896872520447	226
215	0.2573604	0.20197876	0.6955647	0.0	2.4615386	18.9	10.706228	36.0	0.0	0.28489745	0.19883747	0.6955647	0.0	0.29709965	0.036924094	0.39192706	0.24774435	21600	-0.02304474	0.018598001	-0.0015563695	3.395602e-06	2.3044744	-0.00042966128	0.0	4.0	98.78094744682312	244
216	0.24897316	0.2108954	0.66125554	0.0	2.357143	18.741936	10.664888	36.0	2.0	0.274667	0.2066126	0.66125554	0.0	0.29503384	0.035033703	0.36392707	0.20337793	21700	-0.023348227	0.020106316	-0.0022412762	-2.5924295e-05	2.3348196	0.00032743934	0.0	4.0	99.19767642021179	241
217	0.29337618	0.22980629	0.7221745	0.0	2.6923077	18.896551	11.320853	36.0	1.0	0.3167367	0.23176458	0.7221745	0.0	0.29163903	0.033579722	0.37245664	0.21095674	21800	-0.022719786	0.025673704	-0.0024190992	-2.9171351e-05	2.271978	0.000444839	0.0	4.0	99.61929988861084	238
218	0.32514167	0.22703142	0.7769002	3.330669e-16	2.9166667	13.678572	10.637043	34.0	0.0	0.3543151	0.20523039	0.7769002	3.330669e-16	0.29866967	0.03594434	0.37154946	0.21592742	21900	-0.022393107	0.020791814	-0.0018996745	-0.00035707024	2.239307	-1.9443032e-05	0.0	4.0	100.14960312843323	189
219	0.35154086	0.23016909	0.72970265	0.0	3.0434783	17.851852	11.194257	35.0	0.0	0.37591094	0.2182195	0.72970265	0.0	0.31245854	0.041302007	0.41267186	0.25321612	22000	-0.022288255	0.026068177	-0.002228219	-0.00061951857	2.2288203	-0.00074972154	0.0	4.0	100.61277937889099	217
220	0.25681707	0.21718362	0.67129743	2.220446e-16	2.5	17.833334	9.7744	36.0	0.0	0.3085815	0.21362025	0.67129743	2.220446e-16	0.31645435	0.047896627	0.42691106	0.22519782	22100	-0.02308692	0.02020219	-0.0017104	4.4843415e-05	2.308689	0.00082770345	0.0	4.0	101.07184195518494	219
221	0.35564217	0.1962194	0.6759155	3.330669e-16	2.8	17.892857	11.434094	36.0	1.0	0.36777505	0.18240236	0.6759155	3.330669e-16	0.33509377	0.051312156	0.44562024	0.27069175	22200	-0.022652522	0.017369699	-0.0023152484	-7.1094604e-05	2.2652485	0.00027265074	0.0	4.0	101.51412415504456	227
222	0.26665345	0.18538722	0.6340657	0.0	2.8076923	14.111111	11.754694	37.0	0.0	0.27148476	0.19432695	0.6340657	0.0	0.34414527	0.055455048	0.4789189	0.2749092	22300	-0.022612927	0.022238232	-0.0026254226	-0.00054777134	2.261296	0.0003732586	0.0	4.0	101.96275806427002	223
223	0.3477761	0.21234669	0.7705313	0.0	2.6538463	19.633333	10.949836	36.0	2.0	0.35866663	0.20852266	0.7705313	0.0	0.33234218	0.052757703	0.43288624	0.22265959	22400	-0.022931533	0.021663498	-0.0022491291	3.1269155e-05	2.2931535	-0.0002548266	0.0	4.0	102.64906167984009	146
224	0.36163786	0.20790386	0.70898056	0.0	2.4615386	15.137931	8.931634	36.0	0.0	0.3991923	0.17429246	0.70898056	0.0	0.32278854	0.043690383	0.40073237	0.26459995	22500	-0.023014136	0.01783704	-0.0010921303	-8.63052e-05	2.3014119	-6.521464e-05	0.0	4.0	103.28595995903015	157
225	0.26280332	0.21409953	0.6514882	0.0	2.92	17.851852	11.187637	36.0	0.0	0.2831113	0.21450843	0.6514882	0.0	0.32606098	0.04821432	0.4163106	0.23369242	22600	-0.022531949	0.022880107	-0.002265878	3.7248246e-05	2.2531915	8.8655936e-05	0.0	4.0	103.96892499923706	147
226	0.3371481	0.17878304	0.7030382	0.0009982259	2.8695652	19.814816	10.317325	35.0	0.0	0.35537627	0.16978583	0.7030382	0.0009982259	0.33032456	0.045633785	0.42968452	0.268879	22700	-0.022625698	0.014251836	-0.0024150014	4.602596e-06	2.26257	-0.00027728797	0.0	4.0	104.61845922470093	155
227	0.3780624	0.16456202	0.83543533	3.330669e-16	2.4642856	15.333333	10.097304	37.0	2.0	0.40286922	0.16982979	0.83543533	3.330669e-16	0.32917023	0.046655804	0.41404855	0.2731225	22800	-0.023183554	0.0169936	-0.0039635263	-0.00039980165	2.3183527	0.0003553247	0.0	4.0	105.1831865310669	177
228	0.33766416	0.2414549	0.7348704	0.0066601974	2.5769231	15.965517	11.093592	36.0	0.0	0.36096218	0.23902269	0.7348704	0.0066601974	0.3312539	0.05157373	0.43492314	0.2205302	22900	-0.023142055	0.027210355	-0.0034472719	-0.00013879593	2.3142052	0.0017339658	0.0	4.0	105.65065789222717	214
229	0.33194658	0.23281291	0.7569541	0.0	2.6923077	17.866667	10.272077	37.0	1.0	0.3606272	0.2284463	0.7569541	0.0	0.34518036	0.055164143	0.4535936	0.27559125	23000	-0.0228559	0.026201481	-0.0026553897	-1.680199e-05	2.285591	-0.00014739035	0.0	4.0	106.10343480110168	222
230	0.3093974	0.18350263	0.57930905	0.0	3.0	15.851851	10.290965	34.0	2.0	0.3429705	0.17483304	0.57930905	0.0	0.35415727	0.05897277	0.4731415	0.25699678	23100	-0.02252131	0.015199884	-0.003399007	8.404953e-06	2.252128	-0.0001986599	0.0	4.0	106.58657598495483	208
231	0.30299535	0.20071986	0.6376747	0.0	3.0416667	17.653847	10.936679	37.0	0.0	0.31747168	0.20027164	0.6376747	0.0	0.35277995	0.055498984	0.46625456	0.26890418	23200	-0.022272777	0.020890746	-0.0028035878	-0.0004739624	2.2272787	8.2490486e-05	0.0	4.0	107.15803050994873	175
232	0.2788255	0.20977442	0.70402783	0.0	3.0416667	19.222221	10.972468	37.0	0.0	0.2565319	0.21547355	0.70402783	0.0	0.3423274	0.0504921	0.44880405	0.2820212	23300	-0.022688687	0.029166987	-0.0034829564	-0.0027725506	2.2688682	0.00079471344	0.0	4.0	107.72847723960876	176
233	0.30092174	0.19378607	0.6675361	0.0	3.0869565	16.24	11.890433	36.0	0.0	0.32086185	0.18463036	0.6675361	0.0	0.3186314	0.035674356	0.39531103	0.23633805	23400	-0.02221243	0.016500756	-0.0016643703	0.00023583346	2.2212408	0.0010383583	0.0	4.0	108.25206995010376	191
234	0.36988804	0.15025961	0.6559361	0.0	2.68	14.4827585	9.838772	35.0	1.0	0.35881367	0.16019376	0.6559361	0.0	0.29817668	0.030132579	0.38943726	0.23257819	23500	-0.022727959	0.01422237	-0.0033811852	0.0002799211	2.2727995	0.00017722844	0.0	4.0	108.71433091163635	218
235	0.3272946	0.21386454	0.70326954	0.0	2.8333333	17.642857	8.477762	32.0	4.0	0.33392137	0.19683018	0.70326954	0.0	0.28749517	0.028605219	0.37737295	0.23222892	23600	-0.022638679	0.01939306	-0.0026029628	-0.00014171575	2.263872	0.00066842564	0.0	4.0	109.2403073310852	190
236	0.3333422	0.21739568	0.69445336	0.0	2.9166667	20.037037	11.020122	35.0	0.0	0.3655128	0.19049025	0.69445336	0.0	0.29701698	0.029587425	0.37434077	0.25233114	23700	-0.02208279	0.020828322	-0.002132692	-0.00078763324	2.2082794	0.00019703624	0.0	4.0	109.73846793174744	202
237	0.27243695	0.23597923	0.78121674	3.330669e-16	2.5	20.766666	11.119602	35.0	0.0	0.3194251	0.23054324	0.78121674	3.330669e-16	0.3068628	0.030693416	0.38228714	0.2525715	23800	-0.022507656	0.02570822	-0.00082498696	-0.0003751968	2.250768	0.00018530368	0.0	4.0	110.21390295028687	211
238	0.26664165	0.25894725	0.718404	0.0	2.7916667	18.821428	9.490799	37.0	0.0	0.31231835	0.24535412	0.718404	0.0	0.32561395	0.03946307	0.407331	0.24413568	23900	-0.022242937	0.028847475	-0.0013909824	0.00016566482	2.2242916	-0.00032706262	0.0	4.0	110.62322187423706	245
239	0.34503844	0.20703982	0.7129913	3.330669e-16	2.5769231	15.142858	10.756109	37.0	1.0	0.37671334	0.1796596	0.7129913	3.330669e-16	0.34013984	0.04260158	0.4374533	0.28382993	24000	-0.022455845	0.016478354	-0.0014111921	-0.00013039703	2.245586	-0.00053212163	0.0	4.0	111.04284739494324	239
240	0.37238383	0.24474233	0.83899206	0.0	2.875	16.222221	10.942048	37.0	0.0	0.38721156	0.2262867	0.83899206	0.0	0.3476203	0.05062302	0.4538882	0.282114	24100	-0.022328505	0.02703821	-0.0014529303	-8.06367e-05	2.2328491	4.8141497e-05	0.0	4.0	111.50638580322266	216
241	0.31481183	0.22444549	0.6893541	0.0	3.0434783	16.884615	11.191779	36.0	0.0	0.35178435	0.20855032	0.6893541	0.0	0.3500927	0.05112174	0.4538618	0.2624406	24200	-0.021729063	0.02039535	-0.0018791258	1.1276221e-05	2.1729033	0.00092318776	0.0	4.0	111.93399357795715	235
242	0.28301913	0.19861153	0.6472242	0.0	2.8	19.571428	11.387426	37.0	1.0	0.2866807	0.19782388	0.6472242	0.0	0.34989345	0.048225816	0.45627385	0.28695765	24300	-0.022285245	0.023029786	-0.0027138516	-0.0007123088	2.2285256	0.00088405376	0.0	4.0	112.4070725440979	212
243	0.34961885	0.23071845	0.70372134	0.0	2.5769231	17.766666	9.735445	37.0	0.0	0.36834526	0.21885824	0.70372134	0.0	0.34262207	0.04805758	0.43813926	0.28724867	24400	-0.022607714	0.02453249	-0.0029170047	-9.199604e-06	2.2607672	-0.00041570183	0.0	4.0	112.87787318229675	213
244	0.2680442	0.22904585	0.6901455	3.330669e-16	2.392857	20.333334	11.061444	37.0	1.0	0.2912134	0.21653175	0.6901455	3.330669e-16	0.32816494	0.03926827	0.42596728	0.2520124	24500	-0.02277223	0.022959737	-0.0002487125	-0.00021847151	2.277223	-0.0007490754	0.0	4.0	113.41099143028259	188
245	0.3232771	0.25007495	0.76044726	0.0	2.4814816	17.466667	11.38049	37.0	0.0	0.37838995	0.24992657	0.76044726	0.0	0.31742883	0.031060219	0.40768397	0.28348276	24600	-0.02274321	0.03255289	-0.0025712838	-0.00017669192	2.2743168	-0.00015896562	0.0	4.0	113.85231232643127	228
246	0.28247157	0.15922022	0.49606237	0.0066583897	2.8333333	17.555555	11.748391	37.0	0.0	0.28977376	0.15761739	0.49606237	0.0066583897	0.3237993	0.037316497	0.40787804	0.24399047	24700	-0.021977931	0.012477703	-0.0014534853	0.00016091333	2.197802	-0.00021780017	0.0	4.0	114.29321193695068	228
247	0.33327332	0.22765455	0.65227365	3.330669e-16	3.0434783	17.88889	11.776731	37.0	1.0	0.38527876	0.19919436	0.65227365	3.330669e-16	0.32771316	0.037244894	0.40854353	0.25659153	24800	-0.02191861	0.019645292	-0.0035858396	-0.0004875334	2.191862	-0.0009141231	0.0	4.0	114.72559666633606	233
248	0.25281617	0.19762987	0.63015217	3.330669e-16	2.357143	20.1	10.228554	36.0	1.0	0.28498638	0.18700634	0.63015217	3.330669e-16	0.33084962	0.037799947	0.41878083	0.28269273	24900	-0.023134783	0.017609175	-0.0026971418	0.0002030498	2.3134742	0.0019371414	0.0	4.0	115.16913652420044	227
249	0.28647426	0.2089554	0.83057636	3.330669e-16	2.4444444	15.4	9.565912	32.0	0.0	0.32056373	0.21726964	0.83057636	3.330669e-16	0.33735225	0.042625543	0.42914307	0.26314163	25000	-0.023177467	0.022550989	-0.0041593835	-2.2921711e-05	2.3177466	0.0019100261	0.0	4.0	115.5841760635376	243
250	0.3135239	0.22005989	0.68396413	3.330669e-16	2.8	17.857143	12.816602	37.0	0.0	0.34782055	0.20247127	0.68396413	3.330669e-16	0.3432296	0.046019096	0.431579	0.2873515	25100	-0.022408513	0.019492663	-0.003587762	-7.3527917e-06	2.2408507	0.00020860427	0.0	4.0	116.03106307983398	224
251	0.37958416	0.17064324	0.7381229	0.028046379	2.5833333	18.25	11.147149	37.0	1.0	0.37792024	0.168909	0.7381229	0.028046379	0.34145188	0.04383165	0.42198622	0.28413737	25200	-0.022487722	0.015083976	-0.0008228901	-1.6811071e-05	2.2487736	2.2847664e-05	0.0	4.0	116.4685788154602	229
252	0.40090474	0.1836166	0.69588375	0.054929003	3.3636363	17.16	9.561089	33.0	0.0	0.4234164	0.17439581	0.69588375	0.054929003	0.34758317	0.044401858	0.43179277	0.28524667	25300	-0.021622233	0.017020384	-0.0028131348	-0.0005514261	2.1622236	-0.0005154705	0.0	4.0	116.8915228843689	237
253	0.29879907	0.22728427	0.76507473	0.0	2.7692308	17.714285	11.756023	37.0	0.0	0.31839988	0.22226027	0.76507473	0.0	0.3535929	0.05070359	0.4396741	0.25346017	25400	-0.02251241	0.024397064	-0.0025232537	0.0002452212	2.2512412	0.00021653413	0.0	4.0	117.4043071269989	196
254	0.252684	0.22083984	0.70538646	0.0	2.64	16.428572	9.958588	35.0	0.0	0.30990964	0.230139	0.70538646	0.0	0.3522528	0.05011767	0.45894307	0.26212227	25500	-0.022793747	0.025438413	-0.0025805961	-8.27061e-05	2.279374	0.000636313	0.0	4.0	117.87904834747314	212
255	0.30815795	0.26226273	0.7268986	0.0	2.84	18.142857	9.002834	34.0	4.0	0.31610876	0.26192847	0.7268986	0.0	0.35313857	0.05134246	0.45041034	0.25528038	25600	-0.022180572	0.033986486	-0.003452818	-0.000831319	2.2180562	-0.0005873012	0.0	4.0	118.35281682014465	212
256	0.30923918	0.21911587	0.73064286	3.330669e-16	2.875	16.777779	10.59816	35.0	1.0	0.32366154	0.21798497	0.73064286	3.330669e-16	0.33118916	0.04188574	0.42104307	0.24252686	25700	-0.022381008	0.022013329	-0.0020206906	-0.00017349143	2.238099	0.0003819895	0.0	4.0	118.7922773361206	229
257	0.26130146	0.18646343	0.65532106	0.0	3.25	15.5	11.139845	37.0	0.0	0.25777933	0.19491823	0.65532106	0.0	0.3249192	0.035304606	0.39868957	0.24629118	25800	-0.02175761	0.021244323	-0.006075695	-0.001372781	2.1757617	0.0026580477	0.0	4.0	119.19368410110474	250
258	0.28729203	0.21043219	0.58523756	3.330669e-16	2.68	15.928572	10.116919	35.0	1.0	0.31902444	0.18976706	0.58523756	3.330669e-16	0.30452007	0.033353247	0.38300133	0.18727776	25900	-0.022516087	0.01663814	-0.00042961328	0.00042745145	2.2516074	-0.0012346625	0.0	4.0	119.61816549301147	236
259	0.27317202	0.23291405	0.8297222	0.0	2.7692308	14.785714	9.900784	37.0	1.0	0.28104177	0.23259595	0.8297222	0.0	0.2914475	0.037463497	0.39516225	0.2068454	26000	-0.022173502	0.025957644	-0.0028610732	6.9313683e-06	2.2173517	-0.00018459081	0.0	4.0	120.02843475341797	245
260	0.31259742	0.22157416	0.7139613	3.330669e-16	2.75	23.321428	8.189948	37.0	4.0	0.33661106	0.21280684	0.7139613	3.330669e-16	0.2861472	0.03440527	0.36398667	0.18966407	26100	-0.022058018	0.023191616	-0.0017930418	-0.00037701172	2.2057996	0.00042626378	0.0	4.0	120.45374155044556	236
261	0.37430665	0.20584512	0.7182471	0.0	2.88	17.074074	9.61837	36.0	1.0	0.3838647	0.20939851	0.7182471	0.0	0.2960944	0.032761108	0.37660295	0.20377026	26200	-0.022128284	0.024938772	-0.002416269	-0.0012156414	2.212825	0.00027534962	0.0	4.0	120.92197155952454	214
262	0.3202593	0.2362211	0.73699415	0.0	3.0869565	18.884615	11.382602	37.0	0.0	0.3319366	0.23099533	0.73699415	0.0	0.3128473	0.029698696	0.40549123	0.25376377	26300	-0.021449521	0.026231447	-0.0028178962	-5.8575068e-05	2.1449537	0.00090199476	0.0	4.0	121.39460182189941	212
263	0.41536966	0.20029952	0.7138841	0.0	3.0869565	19.73077	10.729391	35.0	0.0	0.42200002	0.19787474	0.7138841	0.0	0.33530027	0.040214915	0.42239168	0.2812772	26400	-0.021764625	0.022806443	-0.002748806	-0.0010398948	2.1764574	-0.00020597695	0.0	4.0	121.84606981277466	222
264	0.3612288	0.24327493	0.7419715	0.0	2.8	19.5	11.57738	37.0	2.0	0.38673434	0.24448346	0.7419715	0.0	0.3548716	0.04869411	0.43749073	0.28463164	26500	-0.021815065	0.029567823	-0.0021959208	-0.00018143002	2.18151	-0.00035449505	0.0	4.0	122.29096388816833	225
265	0.25526333	0.20110385	0.6295712	0.0	2.6666667	21.172413	10.843937	36.0	1.0	0.26867807	0.19996001	0.6295712	0.0	0.35924843	0.051206008	0.45807722	0.26574123	26600	-0.021873713	0.023158051	-0.0015263082	1.6066246e-05	2.187362	0.0009816193	0.0	4.0	122.81431078910828	191
266	0.32929164	0.2296794	0.7239216	3.330669e-16	2.6153846	19.0	12.465954	36.0	0.0	0.3675837	0.21855363	0.7239216	3.330669e-16	0.36290044	0.053738747	0.4670555	0.25666618	26700	-0.022035211	0.022617389	-0.0020055473	1.4989171e-05	2.2035236	-1.5046564e-05	0.0	4.0	123.31929564476013	198
267	0.335882	0.22543603	0.7897429	1.3974914e-06	2.6923077	17.607143	12.355853	36.0	0.0	0.371256	0.22332919	0.7897429	1.3974914e-06	0.3603965	0.05034111	0.46297324	0.26294768	26800	-0.022101894	0.022485044	-0.0037755128	2.0551262e-05	2.2101898	0.00079030753	0.0	4.0	123.78575444221497	215
268	0.37192374	0.20221008	0.7122289	0.0008850351	2.64	21.965517	11.167943	37.0	1.0	0.39152396	0.18644117	0.7122289	0.0008850351	0.3577369	0.049023524	0.44926056	0.2975378	26900	-0.022290394	0.017667077	-0.0032456517	-5.3230906e-05	2.2290382	0.00045986415	0.0	4.0	124.25846529006958	212
269	0.41597462	0.21843399	0.7272589	3.330669e-16	3.55	18.583334	11.909089	37.0	2.0	0.42890087	0.20025441	0.7272589	3.330669e-16	0.37037483	0.05256604	0.4551158	0.29802227	27000	-0.020873137	0.021847937	-0.001231391	-0.00021560909	2.0873108	-0.0012531542	0.0	4.0	124.62896013259888	271
270	0.27501976	0.18371575	0.62725544	3.330669e-16	2.6153846	15.965517	12.310587	37.0	0.0	0.30466276	0.18046969	0.62725544	3.330669e-16	0.36376745	0.051607512	0.46020818	0.27990562	27100	-0.022305444	0.017843204	-0.0030629886	-1.6744481e-05	2.230547	0.001001947	0.0	4.0	125.05737948417664	234
271	0.36069572	0.21581176	0.6927096	7.8513943e-07	3.1304348	17.653847	12.483658	37.0	0.0	0.4013335	0.19607376	0.6927096	7.8513943e-07	0.37010396	0.051897787	0.46951696	0.2881503	27200	-0.02132228	0.018007195	-0.0032638945	4.2359345e-05	2.1322327	-0.00070033304	0.0	4.0	125.48592758178711	234
272	0.3645381	0.21987437	0.68780154	0.0	3.1304348	17.44	10.954743	37.0	0.0	0.36251098	0.22074157	0.68780154	0.0	0.36800584	0.05218149	0.45610023	0.27184737	27300	-0.021571618	0.024271902	-0.000397712	-0.00011343532	2.1571603	-0.00033783435	0.0	4.0	125.90685701370239	238
273	0.45825642	0.17870249	0.7129535	0.024983352	3.0434783	16.115385	10.371287	36.0	0.0	0.4525933	0.16898136	0.7129535	0.024983352	0.36537787	0.049026147	0.45040363	0.29890075	27400	-0.021711819	0.01925191	-0.0013175141	-0.00013467483	2.171184	0.00035820963	0.0	4.0	126.30298328399658	253
274	0.35820344	0.20302422	0.7828494	2.220446e-16	2.357143	18.75	10.40733	37.0	0.0	0.4083078	0.19813666	0.7828494	2.220446e-16	0.36176643	0.047496937	0.44228855	0.30363435	27500	-0.022380553	0.01929598	-0.0028923936	-0.00054131565	2.2380567	8.478161e-05	0.0	4.0	126.71423149108887	244
275	0.30890644	0.21706307	0.7194223	0.0	2.84	16.37931	11.1182165	35.0	0.0	0.29569066	0.21393342	0.7194223	0.0	0.37147158	0.056669638	0.48549563	0.2732296	27600	-0.022233684	0.027292082	-0.0024776016	-0.00015674299	2.2233682	0.0015604878	0.0	4.0	127.11712980270386	249
276	0.33045772	0.19761536	0.7273193	0.0	2.75	17.321428	12.640789	37.0	1.0	0.3529096	0.191427	0.7273193	0.0	0.37712047	0.05475093	0.4747504	0.30825722	27700	-0.022181526	0.018343538	-0.0017577205	-0.0004628892	2.2181582	-0.0007382012	0.0	4.0	127.50653672218323	258
277	0.42870694	0.1828152	0.7308863	0.06031959	3.2380953	17.708334	10.297569	36.0	0.0	0.43149415	0.17297804	0.7308863	0.06031959	0.36473358	0.047487497	0.4573806	0.2660566	27800	-0.021416828	0.017258553	-0.0032769456	0.00021308311	2.1416774	0.0007423377	0.0	4.0	127.89979839324951	255
278	0.37396172	0.21583125	0.74062425	3.330669e-16	3.1818182	15.961538	9.597599	34.0	2.0	0.39416808	0.21121378	0.74062425	3.330669e-16	0.36284485	0.04398392	0.46477687	0.28492326	27900	-0.02142568	0.02170642	-0.0018829573	-0.00010281778	2.1425686	-0.0008222937	0.0	4.0	128.2946925163269	254
279	0.3271736	0.20600702	0.7273545	3.330669e-16	2.6923077	17.827587	11.014314	37.0	3.0	0.35820583	0.18379094	0.7273545	3.330669e-16	0.36309445	0.046915572	0.45362926	0.2724286	28000	-0.02204442	0.015223674	-0.002030637	3.0160649e-05	2.2044451	0.0007530117	0.0	4.0	128.7042899131775	245
280	0.3267526	0.18884943	0.7275124	0.0	2.7307692	14.24138	9.729639	37.0	1.0	0.34216112	0.19230236	0.7275124	0.0	0.36676484	0.045927227	0.45426983	0.30864176	28100	-0.022089813	0.018749515	-0.002967102	-8.947775e-05	2.2089825	0.00046123506	0.0	4.0	129.13248920440674	234
281	0.2940173	0.20432764	0.63633895	0.0	3.2173913	20.11111	11.945349	37.0	0.0	0.30014205	0.20136751	0.63633895	0.0	0.36112258	0.043553345	0.4681942	0.2740272	28200	-0.021128312	0.021373324	-0.0034907437	-0.0011062443	2.1128333	0.0018406033	0.0	4.0	129.53361201286316	250
282	0.31592926	0.23613895	0.7550762	0.0	3.0	17.703703	11.718345	36.0	0.0	0.3124189	0.23439994	0.7550762	0.0	0.34685403	0.03888023	0.43297458	0.25225908	28300	-0.021730034	0.026022661	-0.005021907	-0.0009946176	2.1730022	0.00039952755	0.0	4.0	129.9280469417572	255
283	0.36179355	0.24083963	0.7986564	0.0	2.5769231	14.620689	9.8485565	37.0	0.0	0.4095047	0.2258073	0.7986564	0.0	0.32701406	0.034688342	0.41490147	0.24950412	28400	-0.021944596	0.028515585	-0.00060513755	0.00040571205	2.19446	-0.00044410233	0.0	4.0	130.4311375617981	200
284	0.45784968	0.19851908	0.7257946	0.009346263	2.9565217	13.461538	9.861466	35.0	1.0	0.46409693	0.18977802	0.7257946	0.009346263	0.33187562	0.039069608	0.4155275	0.24313995	28500	-0.021606572	0.026274454	-0.0015060259	-0.0025554565	2.1606565	-0.00075724605	0.0	4.0	130.86092972755432	234
285	0.26312786	0.16675621	0.4888655	0.0	2.6538463	16.833334	9.808443	37.0	2.0	0.272675	0.16494149	0.4888655	0.0	0.34603953	0.0383572	0.4428381	0.2951886	28600	-0.022173591	0.0150008965	-0.0028034002	0.001074808	2.2173562	0.00040349722	0.0	4.0	131.31221675872803	222
286	0.39280406	0.17071328	0.69619	0.0	3.2727273	13.6	7.8434687	29.0	1.0	0.42002633	0.14648743	0.69619	0.0	0.37055847	0.041806724	0.45595554	0.3107114	28700	-0.020712815	0.0123323165	-0.0013944358	-0.00026544963	2.0712779	-0.00090665335	0.0	4.0	131.71838402748108	247
287	0.32748225	0.21871965	0.70153934	0.0	3.409091	20.28	9.589662	35.0	4.0	0.34246823	0.22440128	0.70153934	0.0	0.3695627	0.044469364	0.47471318	0.29557028	28800	-0.020511888	0.025677975	-0.0038028583	5.89306e-05	2.051189	0.0021949243	0.0	4.0	132.10916662216187	257
288	0.25738695	0.20486112	0.6562324	0.0	2.5185184	16.580645	11.96709	36.0	0.0	0.2848564	0.20560607	0.6562324	0.0	0.36331406	0.044519894	0.44447756	0.29615226	28900	-0.021766495	0.022811398	-0.0014099162	-0.00071626133	2.1766493	3.0443683e-05	0.0	4.0	132.57913732528687	213
289	0.30509755	0.1915133	0.6994626	0.0	2.64	20.035715	11.027505	37.0	2.0	0.32177523	0.18498749	0.6994626	0.0	0.35900962	0.041552786	0.4552992	0.26718932	29000	-0.02166275	0.016898511	-0.0022321655	-0.0004918836	2.1662698	-0.00038104536	0.0	4.0	133.0021743774414	237
290	0.3117052	0.2626785	0.709265	0.0	2.5925925	19.4	10.67583	36.0	1.0	0.35190138	0.25814557	0.709265	0.0	0.33651856	0.042720508	0.43990183	0.23510642	29100	-0.02154594	0.032163553	-0.003104812	0.00026986143	2.1545959	-8.09145e-05	0.0	4.0	133.54177951812744	186
291	0.36469758	0.19499676	0.70917827	0.0	2.8	16.964285	10.318091	31.0	1.0	0.3823527	0.18810754	0.70917827	0.0	0.3391974	0.041346233	0.42145818	0.2605617	29200	-0.021331415	0.017737329	-0.001993889	-0.00014708098	2.1331391	0.0002832365	0.0	4.0	133.98659014701843	225
292	0.35168365	0.2524523	0.69816583	0.0	3.0	16.923077	11.193828	37.0	1.0	0.3696138	0.23792736	0.69816583	0.0	0.3416815	0.042834885	0.43169916	0.25076362	29300	-0.020821227	0.02694354	-0.0025631348	-0.00020197034	2.0821228	0.0006026268	0.0	4.0	134.41286373138428	236
293	0.31046394	0.21541354	0.6897157	3.330669e-16	2.8	16.851852	11.488171	37.0	0.0	0.3374708	0.19904926	0.6897157	3.330669e-16	0.34749824	0.037794296	0.45907965	0.28652668	29400	-0.021372229	0.018833913	-0.001604747	3.940938e-05	2.1372218	0.000431087	0.0	4.0	134.81510090827942	249
294	0.4126395	0.19294772	0.73344576	3.330669e-16	2.5185184	17.344828	10.97733	36.0	0.0	0.4232707	0.18417385	0.73344576	3.330669e-16	0.35676086	0.04269086	0.45318106	0.2710795	29500	-0.021764982	0.018807754	-0.0022420133	-0.00034455245	2.176499	-0.0005219603	0.0	4.0	135.22279357910156	246
295	0.3748466	0.17510322	0.6983973	0.0	2.7916667	19.222221	11.525602	36.0	0.0	0.3665535	0.16960728	0.6983973	0.0	0.36553353	0.044091746	0.4690024	0.28175473	29600	-0.020930849	0.014513851	-0.0042269602	0.00010897126	2.0930831	0.0006597495	0.0	4.0	135.65317606925964	233
296	0.37876153	0.2085095	0.8234181	0.0	2.8333333	15.964286	9.886795	35.0	0.0	0.3930848	0.201741	0.8234181	0.0	0.3710899	0.04715643	0.4706675	0.31395617	29700	-0.02116613	0.020256631	-0.0034915507	-5.309377e-05	2.1166124	0.0007659101	0.0	4.0	136.09987545013428	225
297	0.39673138	0.20550895	0.7199471	0.0008666876	2.56	20.275862	11.166133	35.0	0.0	0.41938755	0.18990211	0.7199471	0.0008666876	0.37110108	0.045920495	0.45354354	0.27284414	29800	-0.0214471	0.018691357	-0.0016109478	-0.00016835635	2.144709	-0.0013761115	0.0	4.0	136.55118083953857	222
298	0.31019634	0.2142026	0.681166	0.0	2.5714285	20.965517	10.393907	37.0	2.0	0.3321886	0.21898884	0.681166	0.0	0.37262976	0.048357807	0.490564	0.2729011	29900	-0.021133557	0.023974251	-0.0019294615	4.3343054e-05	2.1133564	0.00020038363	0.0	4.0	136.9792914390564	234
299	0.27963012	0.18267566	0.5780434	0.0	2.6153846	19.0	10.408882	36.0	0.0	0.30569726	0.1854711	0.5780434	0.0	0.37298968	0.044503972	0.47872373	0.30343285	30000	-0.020962348	0.018729469	-0.0029384438	-0.0007787761	2.0962331	0.0008306169	0.0	4.0	137.4021873474121	237
