Epoch	AverageEpRet	StdEpRet	MaxEpRet	MinEpRet	EpLen	AverageAct	StdAct	MaxAct	MinAct	AverageRetBuf	StdRetBuf	MaxRetBuf	MinRetBuf	AverageVVals	StdVVals	MaxVVals	MinVVals	TotalEnvInteracts	LossPi	LossV	DeltaLossPi	DeltaLossV	Entropy	KL	ClipFrac	StopIter	Time	FPS
0	0.30841985	0.18337972	0.6903145	3.330669e-16	3.2777777	16.809525	11.223355	36.0	3.0	0.2628183	0.22187896	0.6903145	-0.02665424	-0.020867357	0.02232352	0.05000189	-0.07096861	100	-0.01606381	0.06428687	-0.002241794	-0.0017342432	1.6063783	-2.6760103e-05	0.0	4.0	0.46517181396484375	214
1	0.31015265	0.19920042	0.76444507	0.0	4.2777777	19.045454	9.147663	33.0	0.0	0.28590003	0.21395944	0.76444507	-0.009684045	-0.0054400545	0.017422544	0.03909281	-0.050521705	200	-0.016066015	0.06587133	-0.001217464	-0.0017949855	1.6066003	-3.5185818e-05	0.0	4.0	0.9484434127807617	208
2	0.2772839	0.18533373	0.589052	-0.05626558	3.6666667	20.25	11.211043	37.0	1.0	0.2575621	0.19516161	0.589052	-0.05626558	0.003661026	0.019554745	0.058772907	-0.040450588	300	-0.016064612	0.050841864	-0.0012922189	-0.0015225261	1.6064692	-0.00027203083	0.0	4.0	1.4371483325958252	205
3	0.32121563	0.25072524	0.81118697	0.0	4.375	19.95	11.918368	37.0	0.0	0.28915513	0.27014253	0.81118697	-0.03489849	0.006142044	0.020211047	0.06761713	-0.041417263	400	-0.016065747	0.07632046	-0.0009973338	-0.0017347746	1.6065735	0.0001116562	0.0	4.0	2.029170513153076	170
4	0.31154633	0.15565956	0.6186238	0.03473049	4.571429	16.0	12.390698	37.0	0.0	0.24375509	0.18012813	0.6186238	-0.02081532	0.014747863	0.022845037	0.07630515	-0.03282132	500	-0.016066365	0.042560212	-0.0011384329	-0.0013983976	1.6066308	0.00012207984	0.0	4.0	2.442340850830078	243
5	0.2486876	0.18871914	0.5816788	0.0	6.2727275	19.933332	12.260868	34.0	0.0	0.16298223	0.19209674	0.5816788	0.0	0.023714013	0.020546654	0.075546935	-0.02287136	600	-0.016066387	0.028172158	-0.0009865034	-0.0007318887	1.6066425	0.0005422974	0.0	4.0	2.8744499683380127	232
6	0.23951821	0.18274567	0.5735194	3.330669e-16	3.2105262	16.863636	11.030105	34.0	0.0	0.25377727	0.19409244	0.5735194	3.330669e-16	0.026283842	0.017655859	0.07884126	-0.0008744821	700	-0.016065449	0.044366457	-0.00049845874	-0.0011955942	1.6065402	-0.00020643235	0.0	4.0	3.3476998805999756	212
7	0.20955874	0.27844772	0.77958536	-0.46754497	3.3125	14.7	9.905049	33.0	0.0	0.14389817	0.3225262	0.77958536	-0.46754497	0.032721788	0.022454351	0.099643394	-0.015945075	800	-0.01606603	0.058960944	-0.0007535033	-0.00049058197	1.6065986	0.00012411117	0.0	4.0	3.8715994358062744	192
8	0.27481517	0.10213134	0.4409707	0.13752922	5.0	16.4375	9.675799	32.0	0.0	0.23308761	0.14115871	0.4409707	0.04175511	0.043863364	0.022238648	0.092539646	-0.007945644	900	-0.016066507	0.028330479	-0.001007013	-0.00088987907	1.6066523	-4.51994e-05	0.0	4.0	4.406035900115967	188
9	0.33568853	0.12664747	0.6575767	0.13807476	4.5625	16.45	9.87155	36.0	0.0	0.3206333	0.12901007	0.6575767	0.03757938	0.043375883	0.017755616	0.092360854	0.0109064095	1000	-0.016067948	0.04663885	-0.0010996088	-0.0015578265	1.6068025	0.00047156334	0.0	4.0	5.000385522842407	169
10	0.2552724	0.22752954	0.68176967	-0.015439037	3.4285715	22.4	9.674709	37.0	3.0	0.33667293	0.23997664	0.68176967	-0.015439037	0.05329686	0.021482589	0.1079074	0.017430184	1100	-0.016064644	0.06792945	-0.0005265698	-0.0018484741	1.6064539	-0.00040942192	0.0	4.0	5.565010070800781	178
11	0.20734498	0.22459272	0.70150137	0.0	3.4	18.208334	10.988552	35.0	2.0	0.21321976	0.21751957	0.70150137	0.0	0.063427456	0.025521914	0.13524704	0.017429963	1200	-0.016065527	0.034129746	-0.00064994395	-0.0008491464	1.606554	-0.00015511512	0.0	4.0	6.186736583709717	162
12	0.27020484	0.17939356	0.62337565	3.330669e-16	3.5	16.916666	10.523453	35.0	0.0	0.27307984	0.1787773	0.62337565	3.330669e-16	0.065635994	0.027244298	0.12744126	0.012614924	1300	-0.016064815	0.03735514	-0.0009121634	-0.0011250812	1.606482	-8.447647e-05	0.0	4.0	6.7805445194244385	170
13	0.22051944	0.21185029	0.6129797	0.0	7.0	19.2	8.059776	30.0	6.0	0.1372955	0.18792449	0.6129797	0.0	0.08252056	0.024318684	0.14167392	0.042271916	1400	-0.01606515	0.020452814	-0.0011535622	-0.00019189512	1.606519	0.00034780026	0.0	4.0	7.11961030960083	296
14	0.23329026	0.16445157	0.617786	0.0	4.0555553	18.90909	9.917428	35.0	4.0	0.28913543	0.17788723	0.617786	0.0	0.07692034	0.024501268	0.13844196	0.02167329	1500	-0.016064689	0.037586596	-0.0005615447	-0.0009911	1.606468	5.3701384e-05	0.0	4.0	7.510153293609619	257
15	0.33057338	0.17383799	0.57271796	3.330669e-16	5.5384617	14.3529415	10.391972	35.0	0.0	0.34615138	0.16606623	0.57271796	3.330669e-16	0.087372296	0.024383869	0.14214197	0.04180866	1600	-0.01606398	0.046473876	-0.00060583325	-0.0015513478	1.6063982	0.00020015717	0.0	4.0	8.00121021270752	204
16	0.19736135	0.20203878	0.6365282	-0.068237975	6.6666665	12.4375	9.669338	34.0	1.0	0.1369344	0.17601702	0.6365282	-0.068237975	0.10061033	0.030463934	0.17669094	0.055780273	1700	-0.016062751	0.017036442	-0.00083737867	-0.00011143251	1.6062706	0.00026839256	0.0	4.0	8.454367637634277	222
17	0.36103147	0.21567823	0.6700402	0.03512237	5.4615383	14.8	10.820968	37.0	1.0	0.386631	0.20727925	0.6700402	0.03512237	0.10728142	0.030582005	0.17113835	0.0431009	1800	-0.016062973	0.06004353	-0.00058981683	-0.0015219068	1.6062963	8.558274e-05	0.0	4.0	8.860598087310791	247
18	0.3101498	0.19056767	0.69122046	3.330669e-16	4.0	19.666666	13.043274	36.0	1.0	0.35916156	0.1827647	0.69122046	3.330669e-16	0.1045267	0.03007453	0.17156042	0.066149496	1900	-0.016061515	0.047926903	-0.00080309063	-0.0016305316	1.6061618	-3.7279126e-05	0.0	4.0	9.277733325958252	240
19	0.18844752	0.1654056	0.61921704	-0.023927968	2.826087	21.777779	11.672484	37.0	1.0	0.16119732	0.15943763	0.61921704	-0.023927968	0.10753506	0.032042753	0.17938381	0.062019035	2000	-0.016063362	0.015459055	-0.0008654855	-0.00017832592	1.6063421	-0.00019280911	0.0	4.0	9.791661977767944	195
20	0.28173852	0.22506058	0.7376537	3.330669e-16	4.0555553	18.809525	10.590287	36.0	0.0	0.33884215	0.189467	0.7376537	3.330669e-16	0.12297651	0.03842756	0.19402285	0.060461048	2100	-0.016062215	0.039790303	-0.0006372221	-0.0011428718	1.6062341	-0.0005372715	0.0	4.0	10.203958988189697	243
21	0.2593061	0.2388163	0.89915735	0.0	4.266667	15.166667	8.294911	32.0	0.0	0.31188202	0.2841894	0.89915735	0.0	0.13296494	0.036536735	0.21773407	0.07837086	2200	-0.016063986	0.055240672	-0.00069715106	-0.0010670198	1.606403	-0.00020205497	0.0	4.0	10.618293523788452	242
22	0.3554521	0.21919951	0.85262084	0.0	4.1666665	22.181818	11.424202	36.0	2.0	0.36641136	0.206261	0.85262084	0.0	0.13215007	0.037734006	0.21066533	0.08243588	2300	-0.016061433	0.047594015	-0.0011047889	-0.0014174918	1.6061532	2.6121132e-05	0.0	4.0	11.033088445663452	242
23	0.3327999	0.22187975	0.6846379	3.330669e-16	3.6111112	17.636364	10.3946905	34.0	0.0	0.35577992	0.20326582	0.6846379	3.330669e-16	0.14266713	0.039835405	0.22308642	0.072357886	2400	-0.01606337	0.04244347	-0.0009629312	-0.0013895044	1.606333	-0.0001449585	0.0	4.0	11.432939767837524	251
24	0.35522905	0.18733734	0.640525	0.0	4.2941175	20.47619	9.50999	37.0	3.0	0.33361885	0.20670539	0.640525	0.0	0.14557478	0.041724976	0.22545451	0.07887381	2500	-0.016061142	0.03974112	-0.0008078888	-0.0011264058	1.6061113	-0.00045458792	0.0	4.0	11.845582962036133	244
25	0.25758672	0.18940492	0.6654449	3.330669e-16	3.4285715	19.92	10.236875	37.0	0.0	0.28126958	0.17213297	0.6654449	3.330669e-16	0.15118729	0.04323947	0.25086373	0.08981621	2600	-0.01606226	0.022295084	-0.00086157955	-0.00073359127	1.6062298	6.349562e-05	0.0	4.0	12.268640041351318	237
26	0.29434094	0.21795094	0.6269111	3.330669e-16	3.6666667	19.227272	10.612737	35.0	3.0	0.3499056	0.18865009	0.6269111	3.330669e-16	0.16211194	0.045222297	0.2498711	0.09892925	2700	-0.016061604	0.034207344	-0.0009065084	-0.0010938449	1.606155	-0.00015784263	0.0	4.0	12.646281242370605	266
27	0.22973725	0.21779798	0.7731618	0.0	3.3333333	16.24	11.703948	37.0	0.0	0.26075763	0.18809983	0.7731618	0.0	0.16867626	0.046051957	0.26644138	0.10454993	2800	-0.01606128	0.021433517	-0.0012437515	-0.00045389286	1.606132	0.00021696568	0.0	4.0	13.064546585083008	240
28	0.30307972	0.20470773	0.64236665	0.0	4.625	14.95	8.777671	36.0	1.0	0.30545813	0.19895828	0.64236665	0.0	0.18485907	0.049073476	0.2673767	0.108289376	2900	-0.01605995	0.027242715	-0.00080693327	-0.000531015	1.6059961	-2.0546911e-05	0.0	4.0	13.452414751052856	259
29	0.34747258	0.15288365	0.62368214	3.330669e-16	4.9166665	21.375	9.5973625	34.0	3.0	0.34771547	0.13438073	0.62368214	3.330669e-16	0.19641237	0.048517898	0.2793227	0.11165911	3000	-0.01605837	0.02092924	-0.0004237555	-0.0007544402	1.6058351	-0.00034946442	0.0	4.0	13.847537517547607	254
30	0.2189955	0.17078866	0.48947746	0.0	4.714286	13.5	9.099756	31.0	1.0	0.24403529	0.15582412	0.48947746	0.0	0.19673473	0.051814336	0.296235	0.115149215	3100	-0.016057447	0.013620764	-0.001024928	-0.00016669335	1.605747	7.690428e-05	0.0	4.0	14.210412502288818	277
31	0.35729975	0.20754823	0.7343309	3.330669e-16	4.923077	14.0	8.798396	29.0	0.0	0.38982764	0.17240664	0.7343309	3.330669e-16	0.20544463	0.05173443	0.3119232	0.11813743	3200	-0.016055942	0.030891381	-0.00068724714	-0.0008982342	1.6055892	0.0003617096	0.0	4.0	14.594780683517456	261
32	0.28394192	0.23071155	0.64913434	0.0	5.142857	11.764706	8.192747	32.0	0.0	0.30198506	0.21931225	0.64913434	0.0	0.21490845	0.056933813	0.32876474	0.12142748	3300	-0.016055003	0.02862411	-0.0009569321	-0.00040300377	1.6054981	8.115769e-05	0.0	4.0	14.993203163146973	253
33	0.25886253	0.18902996	0.54104674	-0.04450863	4.214286	14.388889	11.47044	35.0	0.0	0.3089322	0.15667805	0.54104674	-0.04450863	0.2155629	0.057171587	0.30829385	0.124742515	3400	-0.016054451	0.015871508	-0.0008489825	-0.00041970727	1.605447	-0.00027702333	0.0	4.0	15.365445613861084	273
34	0.2570545	0.23458385	0.62127537	3.330669e-16	3.0952382	18.52174	11.853708	37.0	1.0	0.3353774	0.20153357	0.62127537	3.330669e-16	0.20907566	0.05731263	0.31340113	0.12777999	3500	-0.016052868	0.026466956	-0.0010313671	-0.00059172604	1.6052799	0.00016460897	0.0	4.0	15.841621160507202	211
35	0.2817155	0.23189153	0.59537375	0.0	5.769231	15.882353	10.802409	36.0	0.0	0.25790602	0.21690233	0.59537375	0.0	0.22676067	0.05617997	0.31508225	0.13092239	3600	-0.016051084	0.026729383	-0.0008485019	-2.6763417e-05	1.6051028	8.889199e-05	0.0	4.0	16.200467586517334	280
36	0.26409027	0.15873618	0.57752967	3.330669e-16	2.8421052	15.73913	11.45584	35.0	0.0	0.29104674	0.13403758	0.57752967	3.330669e-16	0.21455994	0.055639513	0.3101418	0.13348295	3700	-0.01605146	0.011737412	-0.0010980181	-0.00020853407	1.6051521	0.0008158684	0.0	4.0	16.572237491607666	270
37	0.314515	0.220553	0.6740728	2.220446e-16	4.1764708	18.4	11.363977	36.0	0.0	0.3685919	0.16629115	0.6740728	2.220446e-16	0.23229927	0.0605516	0.34048548	0.13567922	3800	-0.01604861	0.022277724	-0.0007738825	-0.0005231688	1.6048657	-0.00038672925	0.0	4.0	16.988527297973633	241
38	0.31894115	0.21422556	0.7257026	-0.010915591	2.5652175	15.461538	11.084399	33.0	0.0	0.35418513	0.19204235	0.7257026	-0.010915591	0.21821228	0.058930982	0.33518744	0.13838363	3900	-0.016050816	0.027643945	-0.0012258217	-0.0005608932	1.605087	0.00012270927	0.0	4.0	17.384258031845093	254
39	0.38626558	0.19323291	0.6447047	3.330669e-16	4.9333334	15.823529	12.533416	37.0	0.0	0.42590657	0.1577731	0.6447047	3.330669e-16	0.2502707	0.06500062	0.3538133	0.14163984	4000	-0.016042441	0.027434807	-0.0006413534	-0.0010278737	1.6042433	-0.00027307036	0.0	4.0	17.746976613998413	277
40	0.24586341	0.22811507	0.647779	0.0	4.857143	17.88889	10.566661	37.0	1.0	0.28663972	0.20235404	0.647779	0.0	0.2516608	0.06671177	0.36722577	0.1455954	4100	-0.016039893	0.022176795	-0.0010097474	-0.000105364714	1.60399	0.0005735684	0.0	4.0	18.10950803756714	277
41	0.42829344	0.16271262	0.7289149	0.10757314	4.25	19.894737	11.378163	35.0	2.0	0.45841375	0.17189234	0.7289149	0.10757314	0.25563583	0.06771752	0.39871877	0.14899121	4200	-0.016041264	0.034403298	-0.000983953	-0.0011348687	1.6041127	-0.00029471875	0.0	4.0	18.46319842338562	284
42	0.3756596	0.23205584	0.65454644	3.330669e-16	5.75	18.0	10.65833	37.0	2.0	0.44588837	0.17435102	0.65454644	3.330669e-16	0.28684425	0.072170354	0.4020786	0.15281406	4300	-0.016034931	0.026153319	-0.0005552247	-0.0012467834	1.6035001	-0.00018989563	0.0	4.0	18.810726165771484	289
43	0.34966993	0.19157697	0.67293656	3.330669e-16	4.071429	17.444445	10.594665	35.0	1.0	0.39856258	0.14896426	0.67293656	3.330669e-16	0.27871633	0.075637154	0.3975836	0.15742175	4400	-0.016036507	0.018286332	-0.001314091	-0.00082444295	1.6036466	-0.00041593076	0.0	4.0	19.19442057609558	263
44	0.3687156	0.21315607	0.68359995	3.330669e-16	4.6666665	21.277779	11.975927	36.0	1.0	0.4011439	0.1752782	0.68359995	3.330669e-16	0.291281	0.07717104	0.41444784	0.16197826	4500	-0.016032055	0.02270143	-0.0010499693	-0.00063231995	1.6032073	0.00032592297	0.0	4.0	19.58775520324707	255
45	0.27484962	0.21105818	0.6767829	0.0	4.5	18.38889	11.3193	37.0	3.0	0.3054261	0.21139362	0.6767829	0.0	0.30705583	0.08598333	0.43386894	0.16615465	4600	-0.016029641	0.02613623	-0.0010552108	9.714253e-05	1.6029655	-0.0001440239	0.0	4.0	19.94118905067444	284
46	0.3049757	0.225158	0.7020009	0.0	4.2941175	15.65	11.589973	37.0	0.0	0.35250926	0.19994996	0.7020009	0.0	0.29533106	0.081669256	0.42894778	0.16904253	4700	-0.016028933	0.022332722	-0.0012422455	-0.00013970793	1.6028903	-3.4999757e-06	0.0	4.0	20.32559561729431	261
47	0.2882768	0.22479486	0.6452191	3.330669e-16	4.111111	15.238095	10.239535	36.0	0.0	0.3435388	0.18943529	0.6452191	3.330669e-16	0.3019963	0.08295926	0.43850458	0.17117622	4800	-0.016024724	0.018535763	-0.0014336556	-8.734688e-05	1.6024722	4.4355387e-05	0.0	4.0	20.71632194519043	257
48	0.3627187	0.14764838	0.6172013	0.13092236	4.0	19.714285	10.726659	36.0	1.0	0.37518117	0.1352406	0.6172013	0.13092236	0.2965323	0.08158434	0.43075418	0.1730678	4900	-0.016023234	0.015231038	-0.0016505308	-0.00017445465	1.6023192	0.0006498003	0.0	4.0	21.098713874816895	262
49	0.24960995	0.19923429	0.69260025	0.0	3.55	16.304348	9.331736	34.0	2.0	0.2648568	0.20268737	0.69260025	0.0	0.29497048	0.08216914	0.4339366	0.17505078	5000	-0.01602253	0.025271244	-0.001311237	6.385101e-05	1.6022496	-4.1036605e-05	0.0	4.0	21.538803577423096	228
50	0.3438947	0.19632041	0.65832835	0.02544637	4.111111	16.772728	11.05742	36.0	1.0	0.40676352	0.1729831	0.65832835	0.02544637	0.30125678	0.08405253	0.4315743	0.17623208	5100	-0.016014315	0.019527232	-0.0013872571	-0.0001823164	1.6014314	0.00053433893	0.0	4.0	21.98301362991333	226
51	0.30632406	0.16793711	0.63317716	2.220446e-16	3.3	21.791666	11.94773	37.0	0.0	0.35577515	0.14321664	0.63317716	2.220446e-16	0.29512918	0.07977855	0.43937346	0.1777163	5200	-0.016017351	0.0125649655	-0.0018452848	-0.00013539504	1.6017368	0.00024044036	0.0	4.0	22.385373830795288	249
52	0.3214607	0.1800157	0.60730815	3.330669e-16	4.923077	18.411764	8.534076	33.0	6.0	0.3613966	0.1349548	0.60730815	3.330669e-16	0.32774964	0.084828	0.45780766	0.17970149	5300	-0.015996577	0.011401766	-0.0009126477	-4.3997716e-05	1.5996563	-5.3863536e-05	0.0	4.0	22.79314398765564	246
53	0.22658929	0.15565588	0.44297695	0.0	4.2352943	14.65	10.546445	36.0	1.0	0.24497421	0.15685579	0.44297695	0.0	0.3190461	0.08660581	0.45234543	0.18147016	5400	-0.016002528	0.018219458	-0.0010550357	-2.0354055e-06	1.6002506	-0.00028450965	0.0	4.0	23.197734832763672	249
54	0.2650687	0.17478575	0.5396237	-0.013477526	4.647059	18.555555	9.673688	34.0	1.0	0.2739465	0.18871464	0.5396237	-0.013477526	0.3320626	0.08936671	0.478879	0.18181726	5500	-0.015987933	0.023661753	-0.0012255069	-0.0002407193	1.598793	0.00034880638	0.0	4.0	23.596562147140503	252
55	0.29484135	0.16120848	0.5890279	3.330669e-16	4.0625	18.95	9.744101	37.0	0.0	0.35546753	0.11933604	0.5890279	3.330669e-16	0.31734872	0.08530225	0.45459443	0.18082762	5600	-0.015994944	0.008279274	-0.0015241159	2.9313145e-05	1.5994949	1.6479493e-05	0.0	4.0	23.988529443740845	256
56	0.30507997	0.24037515	0.637126	3.330669e-16	4.266667	17.894737	10.192333	36.0	2.0	0.3987308	0.19530295	0.637126	3.330669e-16	0.32586795	0.08947795	0.45423487	0.18021843	5700	-0.015979975	0.01946478	-0.0012843665	-4.059705e-05	1.5980031	0.00020577907	0.0	4.0	24.386218070983887	252
57	0.37640852	0.10910552	0.52322537	0.12136191	4.6666665	20.82353	12.069578	37.0	0.0	0.3925512	0.08376075	0.52322537	0.12136191	0.3255754	0.0848598	0.4822725	0.18085545	5800	-0.015984863	0.008933688	-0.0005880026	-9.117136e-05	1.5984914	-0.00035300257	0.0	4.0	24.832343578338623	225
58	0.20656954	0.14781304	0.46342614	2.220446e-16	3.625	21.0	12.095454	37.0	2.0	0.28664443	0.1494135	0.47625154	2.220446e-16	0.31156066	0.0833476	0.44316965	0.18227018	5900	-0.015972462	0.013153798	-0.0018005846	4.449766e-05	1.5972462	0.00054999825	0.0	4.0	25.244535446166992	245
59	0.32395822	0.20562387	0.62873864	-0.0014610209	3.6666667	19.631578	10.388306	36.0	3.0	0.37786722	0.16602981	0.62873864	-0.0014610209	0.3195391	0.081874825	0.4466099	0.18309887	6000	-0.01596959	0.01625279	-0.0011891872	-5.8549456e-05	1.5969595	-5.9700105e-06	0.0	4.0	25.62673020362854	263
60	0.40570933	0.1693322	0.7322528	0.02497955	4.4375	13.789474	10.133732	36.0	1.0	0.45072997	0.14784952	0.7322528	0.02497955	0.32285175	0.08158695	0.43476456	0.18400209	6100	-0.015968177	0.019031487	-0.0013120547	-0.00039257808	1.5968087	-2.001283e-05	0.0	4.0	26.22698426246643	167
61	0.3048422	0.29018208	0.8093065	0.0	6.2727275	20.6	11.458912	36.0	2.0	0.33203688	0.27266285	0.8093065	0.0	0.3491394	0.08970881	0.49765527	0.18626338	6200	-0.015949607	0.040594526	-0.00080481917	0.00010136212	1.5949652	-0.0006582594	0.0	4.0	26.6315815448761	249
62	0.30905643	0.22204025	0.76430374	-0.094997734	4.5625	21.277779	12.529102	34.0	0.0	0.298249	0.25488663	0.76430374	-0.094997734	0.33767372	0.08681338	0.46193692	0.18804333	6300	-0.015942626	0.038887367	-0.0014878064	-7.607427e-05	1.5942669	0.00070672034	0.0	4.0	27.116445779800415	207
63	0.3298911	0.18074286	0.65472335	3.330669e-16	4.866667	19.68421	11.448064	37.0	2.0	0.3865851	0.14990646	0.65472335	3.330669e-16	0.33554026	0.08692409	0.49016938	0.18826313	6400	-0.015952542	0.013419043	-0.00071763014	3.56487e-06	1.5952544	0.00013974668	0.0	4.0	27.563822984695435	224
64	0.2946408	0.1210452	0.4602559	3.330669e-16	3.7777777	19.5	11.392781	34.0	0.0	0.32557842	0.10864251	0.4602559	3.330669e-16	0.31869385	0.08477899	0.47733134	0.18855798	6500	-0.015950695	0.008304331	-0.0012917668	-1.0536984e-05	1.5950673	0.00031121256	0.0	4.0	28.067018270492554	200
65	0.24551314	0.20918106	0.6138126	0.0	4.5	19.9	10.601415	37.0	3.0	0.28819305	0.19696812	0.6138126	0.0	0.32365227	0.08509115	0.46449494	0.18903242	6600	-0.015937485	0.023471702	-0.0011088438	-8.995598e-05	1.5937519	0.00013346196	0.0	4.0	28.496989965438843	234
66	0.29115212	0.17454827	0.8006679	3.330669e-16	3.75	20.526316	10.394171	33.0	1.0	0.32302877	0.15999372	0.8006679	3.330669e-16	0.3244004	0.0820509	0.45687044	0.18876754	6700	-0.015934825	0.015236105	-0.0014125779	-4.3411565e-05	1.5934843	0.00019165041	0.0	4.0	28.998390197753906	200
67	0.29170206	0.21784045	0.6994473	0.0	4.0	19.190475	11.078159	36.0	1.0	0.32156312	0.22503388	0.6994473	0.0	0.32310906	0.08828702	0.4529968	0.18824978	6800	-0.01592739	0.029129185	-0.0016093934	-6.518699e-05	1.5927393	0.00023356915	0.0	4.0	29.40461301803589	247
68	0.32824227	0.24585843	0.76007843	0.0	6.0833335	18.8125	10.613781	36.0	3.0	0.36738673	0.21523415	0.76007843	0.0	0.3430522	0.08540108	0.46368048	0.18778563	6900	-0.015911072	0.026588008	-0.00044763018	-1.8644263e-05	1.5911069	-0.000395298	0.0	4.0	29.82625961303711	239
69	0.24964364	0.20555255	0.60920185	3.330669e-16	3.5555556	21.454546	12.470792	37.0	1.0	0.37006408	0.18095742	0.60920185	3.330669e-16	0.3230564	0.0908132	0.47189707	0.18763839	7000	-0.015907742	0.013164481	-0.0012099128	-2.9642135e-05	1.5907742	0.00055308343	0.0	4.0	30.27336621284485	225
70	0.27479267	0.21971326	0.697487	0.0	6.1666665	17.8	9.682975	35.0	3.0	0.27527317	0.2323711	0.697487	0.0	0.34886944	0.085126586	0.46151632	0.18826035	7100	-0.015888035	0.03576141	-0.0012329873	-0.000116224866	1.5888002	5.7601952e-05	0.0	4.0	30.665859937667847	256
71	0.35578516	0.20265439	0.6344467	0.0	3.5	19.333334	11.038173	37.0	2.0	0.35585505	0.2111499	0.6344467	0.0	0.32683036	0.094137624	0.48609957	0.18788084	7200	-0.015905783	0.027316384	-0.0010031592	-4.759105e-05	1.5905771	-0.00014905454	0.0	4.0	31.066006183624268	251
72	0.3631363	0.1676329	0.6954388	0.026690325	3.7692308	16.647058	8.703895	32.0	5.0	0.4308939	0.12057949	0.6954388	0.026690325	0.33627975	0.08707013	0.47902292	0.18727827	7300	-0.015900716	0.012448264	-0.00056481175	-7.0058275e-05	1.5900819	-0.0004462719	0.0	4.0	31.403750896453857	297
73	0.35416448	0.23510759	0.8237114	0.0	4.3333335	16.8	9.972963	36.0	4.0	0.38076884	0.24946107	0.8237114	0.0	0.32713386	0.08574678	0.48065892	0.18818447	7400	-0.01589866	0.036249883	-0.0010780431	-0.00011150725	1.5898662	-9.668351e-05	0.0	4.0	31.78972554206848	260
74	0.34119108	0.12891352	0.5090536	3.330669e-16	3.8125	20.894737	10.197495	37.0	1.0	0.3645707	0.0858801	0.5090536	3.330669e-16	0.32460254	0.08400132	0.47632086	0.18991408	7500	-0.015899863	0.007427833	-0.0008710716	-5.392579e-05	1.5899858	-0.00034737587	0.0	4.0	32.157347440719604	273
75	0.2938803	0.24038897	0.67059785	0.0	8.875	18.25	9.470348	35.0	5.0	0.28584036	0.21424073	0.67059785	0.0	0.3649942	0.08364424	0.47642213	0.19164023	7600	-0.015826508	0.03158236	-0.0011961609	-0.00010078412	1.582648	0.00016536235	0.0	4.0	32.465142488479614	327
76	0.34629577	0.19840454	0.6371533	0.0	4.6875	15.684211	10.608103	36.0	1.0	0.38071385	0.21495648	0.6371533	0.0	0.33257616	0.08716398	0.47167808	0.19165188	7700	-0.01587969	0.026320037	-0.0006461665	-2.0423904e-06	1.5879661	5.990028e-05	0.0	4.0	32.883668422698975	240
77	0.30496126	0.15162054	0.5110761	0.0	4.4444447	22.7	12.033703	37.0	1.0	0.2932226	0.15949059	0.5110761	0.0	0.3212085	0.081067555	0.44533446	0.19150214	7800	-0.015886873	0.017882328	-0.0009140521	-0.00013958733	1.5886886	-0.0001373291	0.0	4.0	33.269129037857056	261
78	0.3155873	0.19081882	0.6219262	0.0	4.866667	22.411764	10.432183	37.0	5.0	0.33275262	0.20164809	0.6219262	0.0	0.337539	0.08418882	0.46005577	0.19120923	7900	-0.01583457	0.022555754	-0.0009786002	-9.86323e-05	1.5834594	0.00027044772	0.0	4.0	33.665899991989136	253
79	0.28733552	0.2136423	0.6625418	2.220446e-16	2.909091	19.916666	10.197699	37.0	1.0	0.36040643	0.19126126	0.6625418	2.220446e-16	0.2994751	0.07677076	0.44806635	0.19058366	8000	-0.01588843	0.017762741	-0.0012675785	9.4510615e-06	1.5888405	-2.0742445e-06	0.0	4.0	34.10960030555725	226
80	0.39528006	0.1599106	0.6505551	3.330669e-16	5.230769	22.058823	9.289276	35.0	4.0	0.41432014	0.12685356	0.6505551	3.330669e-16	0.32818425	0.07749599	0.43862325	0.19092788	8100	-0.01584791	0.013562085	-0.0014694545	-0.00017984153	1.5847864	-0.00019445419	0.0	4.0	34.45646142959595	290
81	0.39966005	0.16482241	0.6410738	0.0022107419	4.285714	20.277779	10.476458	37.0	0.0	0.4171606	0.12425833	0.6410738	0.0022107419	0.33834606	0.084451474	0.4678655	0.19267465	8200	-0.015848659	0.013021376	-0.0010657161	-0.00023203436	1.5848639	-0.00042914393	0.0	4.0	34.829824924468994	269
82	0.28242248	0.2432848	0.6928251	0.0	4.0	16.368422	11.828647	35.0	0.0	0.40935114	0.20148945	0.6928251	0.0	0.33455417	0.08353645	0.45953313	0.19526911	8300	-0.015825808	0.019063938	-0.0023348439	-0.00038754707	1.5825824	0.00060640334	0.0	4.0	35.22076606750488	257
83	0.32085758	0.22568786	0.70288724	-0.015623328	3.7368422	20.181818	9.810183	36.0	2.0	0.33198676	0.22473475	0.70288724	-0.015623328	0.33324245	0.08990255	0.4665622	0.19840418	8400	-0.015850373	0.029765617	-0.00091642514	0.000109359855	1.5850363	-0.0001167965	0.0	4.0	35.62942552566528	246
84	0.27532107	0.16164626	0.5179345	3.330669e-16	3.4375	14.105263	9.436183	36.0	0.0	0.35301828	0.12666102	0.5179345	3.330669e-16	0.338515	0.083261415	0.47932315	0.20065442	8500	-0.015801556	0.0076747956	-0.0016991636	-1.2159231e-05	1.5801545	0.001150527	0.0	4.0	36.02992868423462	250
85	0.36062875	0.17730522	0.659143	0.024964226	4.4615383	19.352942	12.611578	37.0	1.0	0.40321282	0.13718973	0.659143	0.024964226	0.34949985	0.0834393	0.48573318	0.20201181	8600	-0.015790477	0.01224702	-0.001210209	-8.422416e-05	1.5790544	0.00062482833	0.0	4.0	36.36667227745056	298
86	0.38187757	0.12287037	0.6725765	0.18386126	4.214286	17.333334	12.758439	37.0	1.0	0.3944641	0.10103056	0.6725765	0.18386126	0.3534036	0.0867923	0.48138988	0.20354368	8700	-0.015782908	0.008923407	-0.00202177	-4.5685912e-05	1.5782907	0.0004926872	0.0	4.0	36.71917700767517	285
87	0.39597988	0.19127025	0.6745997	3.330669e-16	4.2941175	18.05	10.952054	34.0	0.0	0.44093388	0.14778489	0.6745997	3.330669e-16	0.3515605	0.09058907	0.49348357	0.2053138	8800	-0.015810266	0.015047873	-0.0018029015	-0.00027733552	1.5810249	-0.00014719483	0.0	4.0	37.141316175460815	238
88	0.25386587	0.18583037	0.64307797	0.0	3.2	17.913044	11.594275	37.0	0.0	0.32516626	0.144507	0.64307797	0.0	0.34854275	0.095712446	0.50121075	0.20782067	8900	-0.01578337	0.0107282195	-0.0017200094	0.00011328515	1.5783341	0.00035908696	0.0	4.0	37.557124614715576	241
89	0.31089377	0.17167863	0.698078	0.0	4.1764708	14.631579	10.36802	35.0	0.0	0.31521586	0.18433745	0.698078	0.0	0.36474606	0.09368953	0.50050336	0.20955756	9000	-0.015723556	0.02303515	-0.001726137	1.379929e-05	1.5723536	0.00034937856	0.0	4.0	37.97672891616821	240
90	0.24240796	0.15709795	0.45542988	0.0	4.611111	18.944445	9.772252	34.0	0.0	0.25201517	0.15888274	0.45542988	0.0	0.36470553	0.09147875	0.49010965	0.20948048	9100	-0.015729234	0.021579973	-0.0021363962	-0.00046971883	1.5729246	9.326934e-05	0.0	4.0	38.3925039768219	241
91	0.15229507	0.15808038	0.40117052	0.0	5.428571	15.875	10.576359	34.0	2.0	0.15944621	0.19070724	0.50294757	0.0	0.37049598	0.09231754	0.50658786	0.2072311	9200	-0.015669547	0.047101952	-0.001506927	-0.0024510403	1.5669483	0.000521574	0.0	4.0	38.80071973800659	246
92	0.40325862	0.15563138	0.66280663	0.080295324	4.5625	18.0	9.305912	36.0	3.0	0.4228178	0.15282176	0.66280663	0.080295324	0.33023235	0.08019315	0.47690302	0.20175111	9300	-0.015751937	0.017426267	-0.0012805387	0.0005361707	1.5751923	-0.00018924715	0.0	4.0	39.230528116226196	234
93	0.24972217	0.17714912	0.5445672	0.0	5.5833335	19.0	10.38027	35.0	4.0	0.28000692	0.16380906	0.5445672	0.0	0.34657577	0.08056766	0.47275072	0.19809173	9400	-0.015678048	0.019456916	-0.0010378906	-0.00047545915	1.567805	-0.000115761766	0.0	4.0	39.5675892829895	298
94	0.38052052	0.22240554	0.7443414	0.0	7.0	14.857142	11.236784	35.0	0.0	0.36588177	0.27052006	0.7443414	0.0	0.34930503	0.077446304	0.4503787	0.19559087	9500	-0.0156092495	0.039492242	-0.0011177212	-0.00012040604	1.5609267	0.0007645226	0.0	4.0	39.94053912162781	269
95	0.27826566	0.20008142	0.6671797	0.0	4.5333333	15.473684	11.132544	37.0	1.0	0.31566676	0.18522733	0.6671797	0.0	0.32712805	0.08033866	0.44024497	0.19360049	9600	-0.015661672	0.02054964	-0.0013764985	-0.00016024197	1.566163	-0.00014398576	0.0	4.0	40.27808356285095	298
96	0.28407252	0.20363776	0.6385468	-5.023527e-05	3.3888888	18.636364	10.416532	37.0	2.0	0.34071293	0.1789197	0.6385468	-5.023527e-05	0.30954826	0.078979075	0.4439424	0.192232	9700	-0.015673272	0.016178094	-0.001618877	1.6231206e-05	1.5673273	0.00024045943	0.0	4.0	40.67328381538391	254
97	0.18541521	0.18757632	0.6736136	2.220446e-16	3.5882354	17.7	10.281537	33.0	0.0	0.2860096	0.18273695	0.6736136	2.220446e-16	0.31346643	0.0762013	0.44236395	0.19172622	9800	-0.015638322	0.014956659	-0.0025274372	-1.6464619e-05	1.5638317	0.00088369846	0.0	4.0	41.04823422431946	268
98	0.25532502	0.19377816	0.6303753	0.0	5.0	21.277779	11.6752615	36.0	3.0	0.2459995	0.20558913	0.6303753	0.0	0.32279107	0.07631294	0.44894803	0.19138366	9900	-0.015628219	0.028462037	-0.001571469	-0.0003315478	1.5628226	-0.00022783273	0.0	4.0	41.40860867500305	279
99	0.39870477	0.2165667	0.6547527	3.330669e-16	5.3333335	19.9375	10.009175	37.0	4.0	0.4400086	0.1452264	0.6547527	3.330669e-16	0.32184938	0.07465739	0.41706678	0.18974891	10000	-0.015544869	0.017737182	-0.0011482276	8.4801984e-05	1.5544882	0.0009365368	0.0	4.0	41.78848743438721	264
100	0.33499745	0.24130729	0.83004165	0.0	5.8461537	21.0625	9.889823	35.0	0.0	0.30285725	0.256851	0.83004165	0.0	0.3242038	0.07450985	0.42320114	0.18979514	10100	-0.015549794	0.039407045	-0.0020778012	1.1903467e-06	1.5549784	0.0006409407	0.0	4.0	42.127095460891724	297
101	0.388087	0.16545978	0.6731189	0.20523624	4.857143	14.388889	10.98554	33.0	0.0	0.3865255	0.15587531	0.6731189	0.20523624	0.3221575	0.07668778	0.43940836	0.19028877	10200	-0.015559897	0.01774583	-0.0013814345	-5.1726005e-05	1.5559852	0.0002879381	0.0	4.0	42.48275351524353	283
102	0.2834917	0.21844149	0.59728897	0.0	6.6363635	22.0	9.395035	36.0	3.0	0.31693274	0.18855646	0.59728897	0.0	0.33127487	0.07612691	0.43295923	0.19109052	10300	-0.015544802	0.02069772	-0.0013354272	-9.892392e-06	1.5544817	3.2424912e-05	0.0	4.0	42.85057520866394	274
103	0.33950442	0.18971804	0.6533729	2.220446e-16	3.4	19.458334	10.785712	36.0	1.0	0.38969147	0.16802095	0.6533729	2.220446e-16	0.2949027	0.07058426	0.4331844	0.1917098	10400	-0.015639847	0.017908242	-0.0016972274	-0.00016665086	1.563986	-0.00046633722	0.0	4.0	43.263561964035034	243
104	0.3553682	0.21150048	0.6588292	3.330669e-16	6.2222223	20.923077	10.299078	36.0	4.0	0.41812503	0.1324754	0.6588292	3.330669e-16	0.346726	0.07782352	0.44101542	0.19325593	10500	-0.015360303	0.0117325	-0.0010513328	-0.00026952778	1.5360302	0.0015577555	0.0	4.0	43.59689521789551	301
105	0.38246182	0.20775454	0.71594596	3.330669e-16	5.357143	21.705883	12.038002	37.0	1.0	0.42642307	0.16111319	0.71594596	3.330669e-16	0.32942688	0.07669726	0.44423974	0.19596957	10600	-0.0154538695	0.017265584	-0.0016931305	-0.00050248764	1.5453945	0.0008060026	0.0	4.0	43.96589183807373	272
106	0.33284873	0.23391569	0.74012685	3.330669e-16	5.0	18.789474	10.405357	37.0	4.0	0.46755695	0.21533674	0.74012685	3.330669e-16	0.34102902	0.08344219	0.46669722	0.19958083	10700	-0.015488267	0.026442979	-0.002939973	-0.0011808884	1.5488201	-0.00066071516	0.0	4.0	44.326473236083984	278
107	0.3739804	0.22831857	0.6211315	3.330669e-16	4.3846154	14.411765	10.900938	37.0	0.0	0.43727708	0.14421545	0.6211315	3.330669e-16	0.35404548	0.08345128	0.471584	0.20449597	10800	-0.0154365	0.013885893	-0.0016563302	-0.00062572455	1.5436515	-0.00057271955	0.0	4.0	44.663522720336914	298
108	0.2966629	0.20449218	0.6891986	2.220446e-16	5.133333	19.0	12.468908	37.0	1.0	0.37502033	0.18155755	0.6891986	2.220446e-16	0.35955784	0.08783891	0.49203697	0.20971581	10900	-0.015387543	0.015478693	-0.0040425397	-1.0494143e-05	1.5387545	0.0021964693	0.0	4.0	45.053897857666016	257
109	0.346051	0.19012536	0.6478502	3.330669e-16	4.785714	19.666666	9.055386	34.0	3.0	0.42128697	0.15570672	0.6478502	3.330669e-16	0.37057737	0.09041582	0.49602014	0.2137168	11000	-0.015373692	0.013509718	-0.0025276132	-0.00021533109	1.5373731	-4.8947346e-05	0.0	4.0	45.41680550575256	277
110	0.35528687	0.24345559	0.8756357	3.330669e-16	5.0	19.882353	10.459346	35.0	1.0	0.44133514	0.17914495	0.8756357	3.330669e-16	0.38732097	0.09706153	0.5293259	0.21692637	11100	-0.015278846	0.018041672	-0.0022155084	-0.00019978115	1.5278845	0.0004937506	0.0	4.0	45.796756982803345	264
111	0.40147334	0.2072997	0.64038706	0.0	6.3846154	14.533334	11.400974	34.0	0.0	0.3895916	0.21038304	0.64038706	0.0	0.4014637	0.095128976	0.5234325	0.22003603	11200	-0.015276879	0.028390154	-0.0006951038	0.00010941853	1.5276842	5.3257958e-05	0.0	4.0	46.17740178108215	264
112	0.24078	0.1963521	0.6315541	0.0	6.25	12.5625	11.135353	34.0	0.0	0.3004639	0.18368302	0.6315541	0.0	0.40229267	0.10002941	0.53758305	0.22175395	11300	-0.015277982	0.026386954	-0.001142906	-0.0005478731	1.527801	-9.0456015e-06	0.0	4.0	46.526105642318726	288
113	0.35777637	0.14559823	0.6077806	0.023025954	4.769231	14.625	11.762627	36.0	1.0	0.41137156	0.116155475	0.6077806	0.023025954	0.3896254	0.09363144	0.5235844	0.22046475	11400	-0.015284494	0.008830432	-0.0018723235	-2.8742943e-06	1.5284508	0.00022394181	0.0	4.0	46.868354082107544	293
114	0.3236639	0.17306736	0.61236405	0.0	5.4615383	19.588236	8.872024	36.0	2.0	0.3276913	0.1735945	0.61236405	0.0	0.3815075	0.0937288	0.5053015	0.21894322	11500	-0.015240952	0.023483213	-0.00085961446	-0.0004902686	1.5240933	0.0003497982	0.0	4.0	47.21602153778076	289
115	0.31189424	0.21056695	0.54881424	0.0	7.2	18.571428	10.594569	36.0	2.0	0.29404435	0.21584812	0.54881424	0.0	0.38832542	0.08934143	0.50702894	0.21700315	11600	-0.015152805	0.035641298	-0.001587458	-0.0013055824	1.51528	0.00031538963	0.0	4.0	47.55802083015442	294
116	0.2252647	0.24043427	0.64419276	0.0	8.1	18.384615	9.051463	32.0	1.0	0.2266019	0.24067226	0.64419276	0.0	0.38948727	0.08511987	0.49986988	0.21328656	11700	-0.015162822	0.048944756	-0.0005050972	-0.00285981	1.5162833	5.2971845e-05	0.0	4.0	47.88454556465149	308
117	0.35324004	0.23298271	0.7390066	0.0	5.285714	19.5	11.880189	37.0	0.0	0.302347	0.23820505	0.7390066	0.0	0.35057354	0.08517354	0.4856206	0.20727558	11800	-0.015170082	0.03808463	-0.0012161024	-0.0014126869	1.5170057	-0.00031201838	0.0	4.0	48.23069500923157	290
118	0.37776834	0.20972228	0.6912832	0.0	7.6	19.0	12.392394	37.0	0.0	0.3985345	0.21923152	0.6912832	0.0	0.35520804	0.07502451	0.46636778	0.20119016	11900	-0.015154213	0.028501736	-0.0015620217	0.00024395203	1.5154188	0.0006633759	0.0	4.0	48.582128286361694	286
119	0.38689044	0.20197012	0.71149844	3.330669e-16	3.764706	19.4	12.823416	37.0	1.0	0.4095701	0.16895948	0.71149844	3.330669e-16	0.3175374	0.0731543	0.42086768	0.1976255	12000	-0.015337653	0.0195552	-0.00036676414	0.00019014673	1.5337687	0.00031439782	0.0	4.0	49.016106605529785	231
120	0.36102518	0.22909497	0.737568	0.0	5.8333335	18.1875	8.854509	31.0	5.0	0.3071147	0.2334434	0.737568	0.0	0.32265323	0.066001095	0.41016155	0.19718136	12100	-0.015255613	0.031386733	-0.0017676018	-0.00023619336	1.5255613	0.00053160195	0.0	4.0	49.37758779525757	278
121	0.36408168	0.24555846	0.63750994	0.0	7.5	22.583334	9.178401	37.0	4.0	0.28661475	0.20482354	0.63750994	0.0	0.33669814	0.06461929	0.4149337	0.19716589	12200	-0.015207611	0.026700713	-0.00162182	-0.000482474	1.5207633	0.0012583828	0.0	4.0	49.66037178039551	356
122	0.2884053	0.19326544	0.47312137	0.0	5.9	18.785715	10.76488	36.0	1.0	0.3628234	0.10544391	0.47312137	0.0	0.31959102	0.059634063	0.39299324	0.19588326	12300	-0.015290488	0.006759546	-0.00022893399	0.00011474546	1.5290504	0.00073940755	0.0	4.0	50.02625775337219	276
123	0.363548	0.17971456	0.6460193	0.0	5.428571	21.375	11.661234	37.0	2.0	0.34437922	0.18910778	0.6460193	0.0	0.30721325	0.062032193	0.40030047	0.19525711	12400	-0.015354089	0.021020085	-0.0009063706	-5.2503077e-05	1.5354053	0.00028211594	0.0	4.0	50.38791012763977	278
124	0.39257663	0.1865157	0.75401014	3.330669e-16	5.076923	16.1875	10.417645	31.0	0.0	0.44196463	0.17338608	0.75401014	3.330669e-16	0.3059882	0.05894626	0.39937967	0.1956876	12500	-0.015337631	0.02394994	-0.0010143146	-0.0003383098	1.5337597	9.472847e-05	0.0	4.0	50.74109864234924	284
125	0.30545348	0.23176894	0.63929754	0.0	6.0	18.571428	12.843644	36.0	1.0	0.3348743	0.20222427	0.63929754	0.0	0.3199894	0.059780203	0.4107751	0.19816905	12600	-0.0153194	0.021578964	-0.0019064844	-8.004275e-05	1.5319402	0.00020547386	0.0	4.0	51.105308532714844	276
126	0.26094967	0.17022371	0.57509667	0.0	4.1666665	15.2	8.675252	32.0	0.0	0.2698835	0.17554043	0.57509667	0.0	0.30970135	0.0637068	0.41453707	0.20082355	12700	-0.015318632	0.018280216	-0.0006785621	-1.8433202e-06	1.5318601	-0.00033613684	0.0	4.0	51.50594449043274	250
127	0.25880533	0.16773315	0.4605742	0.0	9.625	21.75	9.522999	34.0	5.0	0.2501124	0.17747198	0.4605742	0.0	0.33540207	0.060100812	0.41329196	0.20181432	12800	-0.015209988	0.022909552	-0.0007342305	-0.00040817773	1.5210019	0.00052565575	0.0	4.0	51.85326170921326	290
128	0.39207488	0.13485397	0.63021606	0.22272071	5.4666667	19.764706	11.8447275	37.0	1.0	0.41848752	0.12860063	0.63021606	0.22138834	0.31484824	0.060710184	0.39770854	0.20052157	12900	-0.015336573	0.013826171	-0.0007344596	0.0001423842	1.5336552	-1.5749934e-05	0.0	4.0	52.239558696746826	260
129	0.34910852	0.25395143	0.8707046	0.0	5.5454545	10.133333	9.25827	30.0	1.0	0.39488608	0.27275312	0.8707046	0.0	0.31867582	0.058735974	0.4008919	0.20048214	13000	-0.015365407	0.040812597	-0.0013418272	-0.00017159991	1.5365341	0.00038925168	0.0	4.0	52.60023260116577	278
130	0.23252971	0.24564764	0.76726663	0.0	6.5833335	19.0	8.21381	31.0	1.0	0.21023214	0.24935275	0.76726663	0.0	0.3251757	0.061873924	0.42018458	0.20238678	13100	-0.015250469	0.040619176	-0.0016599074	-0.0002122689	1.5250475	-0.00019283294	0.0	4.0	52.972774267196655	269
131	0.270636	0.17112686	0.48980066	-0.0023202917	6.6	18.0	11.929278	34.0	3.0	0.29652706	0.16358158	0.48980066	-0.0023202917	0.31959254	0.05623511	0.3996259	0.20222981	13200	-0.015296683	0.015494596	-0.0010018134	-0.00016892015	1.5296668	-0.00024724958	0.0	4.0	53.28095579147339	326
132	0.4113462	0.17672002	0.7875517	0.045068886	4.4117646	19.473684	10.854873	36.0	1.0	0.41747832	0.15392318	0.7875517	0.045068886	0.30622166	0.060261793	0.3877883	0.20075843	13300	-0.015318014	0.01908761	-0.0008613472	-5.429174e-06	1.5317972	-1.1062366e-06	0.0	4.0	53.714595794677734	231
133	0.33665264	0.17616287	0.648101	0.0	6.6666665	22.0	8.89252	36.0	6.0	0.32796538	0.17137393	0.648101	0.0	0.3235257	0.055063337	0.39830965	0.20131977	13400	-0.01530388	0.015439896	-0.0009057494	-1.8198101e-05	1.5303888	-5.917551e-06	0.0	4.0	54.033899784088135	316
134	0.36212286	0.20697317	0.6871362	3.330669e-16	3.4444444	16.809525	10.303116	37.0	1.0	0.41065058	0.16365819	0.6871362	3.330669e-16	0.29832447	0.05920522	0.39224797	0.2025618	13500	-0.015403733	0.018647343	-0.0009496305	-0.00030570477	1.5403748	-0.00019331455	0.0	4.0	54.44669818878174	243
135	0.35322142	0.28570452	0.8545593	0.0	5.285714	20.1875	11.668433	35.0	1.0	0.41616905	0.2761646	0.8545593	0.0	0.32139465	0.060672406	0.41796938	0.20494968	13600	-0.015271381	0.04164751	-0.001082778	-0.00051593594	1.5271388	-0.0001083994	0.0	4.0	54.84942007064819	249
136	0.38150132	0.22679122	0.7021901	-0.071426526	5.133333	15.5	11.181582	36.0	0.0	0.36880052	0.2299714	0.7021901	-0.071426526	0.31399116	0.059103765	0.4070408	0.20869619	13700	-0.015348271	0.030055186	-0.0010188073	-0.0002097881	1.5348228	0.00011074067	0.0	4.0	55.231669664382935	263
137	0.38318524	0.21827886	0.6680287	3.330669e-16	4.4166665	18.0625	9.594717	37.0	1.0	0.40161228	0.14650182	0.6680287	3.330669e-16	0.32524735	0.058296133	0.40895852	0.21243753	13800	-0.015305594	0.014486038	-0.0010281666	-0.00034618773	1.530556	7.350922e-05	0.0	4.0	55.57563519477844	292
138	0.46142945	0.18686604	0.68373203	0.0	6.0833335	19.428572	10.741869	37.0	3.0	0.42239654	0.21099326	0.68373203	0.0	0.34367126	0.061898984	0.4399505	0.21614501	13900	-0.015265077	0.028619278	-0.0020013452	-0.0003504702	1.5265126	0.00023172854	0.0	4.0	55.940664768218994	275
139	0.35178798	0.22406924	0.6859494	3.330669e-16	5.642857	16.470589	10.9658165	37.0	1.0	0.41510057	0.19426335	0.6859494	3.330669e-16	0.34304458	0.06471162	0.43915236	0.21995772	14000	-0.0152087435	0.020733252	-0.00091275945	-0.00039355562	1.5208749	0.00029314042	0.0	4.0	56.32392239570618	262
140	0.34463397	0.175981	0.6173941	3.330669e-16	5.75	16.6875	11.100218	35.0	0.0	0.40365407	0.12181812	0.6173941	3.330669e-16	0.35106316	0.066584915	0.4454727	0.22390005	14100	-0.0153230205	0.009445791	-0.00075479224	-0.00024332816	1.5323061	-0.00056165695	0.0	4.0	56.70722961425781	263
141	0.3747611	0.20961006	0.7258227	0.0	6.076923	16.3125	9.596345	32.0	4.0	0.3869342	0.22081675	0.7258227	0.0	0.3635197	0.06994499	0.45199665	0.2276009	14200	-0.015195593	0.02666941	-0.00092982873	-5.7122495e-05	1.5195589	0.00015200136	0.0	4.0	57.093976736068726	259
142	0.37600198	0.22299452	0.74968857	0.0	5.357143	19.17647	10.793436	35.0	0.0	0.37208766	0.21138254	0.74968857	0.0	0.35968316	0.06840677	0.45845217	0.23045364	14300	-0.015209423	0.024937617	-0.000999481	-2.6203576e-05	1.5209469	0.00024466036	0.0	4.0	57.50403022766113	245
143	0.2028204	0.24673074	0.5759913	-0.20048684	6.888889	20.923077	13.606908	37.0	0.0	0.2566954	0.25212303	0.5759913	-0.20048684	0.37758556	0.066581436	0.48413625	0.23239774	14400	-0.015016705	0.040555	-0.0008695349	-0.0003288529	1.5016681	0.00024439336	0.0	4.0	57.84354281425476	296
144	0.4180905	0.22264239	0.7066066	3.330669e-16	3.7777777	18.636364	11.137754	37.0	0.0	0.46364248	0.17927124	0.7066066	3.330669e-16	0.34657913	0.06981255	0.45499736	0.23148662	14500	-0.015274223	0.023086317	-0.0010764599	0.00010132883	1.527423	0.00025322914	0.0	4.0	58.265687227249146	238
145	0.33790523	0.17591403	0.60577446	0.0	6.1	20.071428	10.187277	37.0	2.0	0.348635	0.18049078	0.60577446	0.0	0.36627144	0.06358782	0.4488341	0.23162812	14600	-0.015145928	0.018364836	-0.00060995854	-1.1445838e-05	1.5145903	0.00034254554	0.0	4.0	58.61490178108215	288
146	0.2965402	0.123827145	0.4589234	3.330669e-16	5.1538463	14.375	10.02419	35.0	0.0	0.3357659	0.09173681	0.4589234	3.330669e-16	0.3560991	0.064765304	0.4646532	0.23237014	14700	-0.015245592	0.0055105556	-0.00068083405	-6.361431e-05	1.5245581	0.00018697261	0.0	4.0	59.02820825576782	243
147	0.3673625	0.21138465	0.6735475	3.330669e-16	5.428571	20.764706	11.799948	37.0	2.0	0.40686876	0.17922945	0.6735475	3.330669e-16	0.35537285	0.06554046	0.4424822	0.23218386	14800	-0.015140772	0.017842378	-0.0011844458	-2.9369257e-06	1.5140774	0.000264287	0.0	4.0	59.41709589958191	258
148	0.37489355	0.21331425	0.66107804	3.330669e-16	4.8125	19.222221	11.083299	37.0	0.0	0.46462393	0.16685815	0.66107804	3.330669e-16	0.35929465	0.06935621	0.4509072	0.23268153	14900	-0.0151942	0.017200217	-0.0015657134	-0.00034003565	1.5194111	0.00029590126	0.0	4.0	59.793089628219604	267
149	0.29994753	0.18421008	0.6491091	0.0	4.875	21.88889	11.234317	37.0	2.0	0.29990855	0.17940533	0.6491091	0.0	0.3603006	0.06798145	0.44962785	0.23517539	15000	-0.0152077675	0.02073215	-0.0008331612	0.000113232236	1.5207732	0.0003804636	0.0	4.0	60.201570987701416	245
150	0.37166238	0.13295713	0.607036	0.10691535	3.8823528	19.285715	10.655394	35.0	1.0	0.4042693	0.12047442	0.607036	0.10691535	0.357499	0.071572706	0.45737174	0.23653784	15100	-0.015225731	0.008998223	-0.0018077139	-3.136322e-05	1.5225711	0.0004214239	0.0	4.0	60.59421133995056	256
151	0.27594557	0.23568068	0.6450669	0.0	4.3333335	18.210526	9.817164	37.0	1.0	0.3097566	0.19776857	0.6450669	0.0	0.36070877	0.0693667	0.45912808	0.23749296	15200	-0.015218005	0.023461727	-0.002567416	1.8090126e-05	1.5218041	-0.00010390763	0.0	4.0	60.988630294799805	256
152	0.3815205	0.21188994	0.76219034	0.0	5.5	19.625	9.739577	37.0	3.0	0.38258737	0.22397612	0.76219034	0.0	0.37042618	0.06671554	0.4553315	0.23765172	15300	-0.015019238	0.027208641	-0.00028060842	-3.509794e-05	1.5019209	0.00026403903	0.0	4.0	61.33061122894287	294
153	0.34308594	0.16854504	0.6919214	0.0	4.117647	19.85	10.859443	37.0	0.0	0.34586152	0.18644524	0.6919214	0.0	0.3594333	0.07083017	0.45729822	0.2373441	15400	-0.015099406	0.020306043	-0.0011632815	-8.442893e-05	1.5099447	-0.00012464524	0.0	4.0	61.71468901634216	261
154	0.32719857	0.23009478	0.64640653	0.0	4.6875	17.277779	9.993361	32.0	3.0	0.331315	0.22291578	0.64640653	0.0	0.3624656	0.067850105	0.465351	0.23687533	15500	-0.014924891	0.027070248	-0.0022000931	-0.00011763477	1.4924886	0.0016192531	0.0	4.0	62.09456753730774	264
155	0.40382046	0.18838857	0.8396899	3.330669e-16	5.3333335	19.705883	12.106219	37.0	0.0	0.44965434	0.19481471	0.8396899	3.330669e-16	0.3657054	0.067567386	0.4562932	0.23591852	15600	-0.015086815	0.022733739	3.8086437e-05	2.038735e-05	1.508681	-0.00034298422	0.0	4.0	62.46028280258179	275
156	0.24171047	0.19504818	0.6749308	0.0	6.0	16.2	10.355031	36.0	1.0	0.2525841	0.19969636	0.6749308	0.0	0.3624086	0.064180575	0.44744217	0.23635373	15700	-0.015054062	0.028713746	-0.00093515404	-0.0005169817	1.5054107	0.00030034065	0.0	4.0	62.79605317115784	299
157	0.35634524	0.16797754	0.60296106	3.330669e-16	3.625	17.15	10.978502	35.0	0.0	0.39195436	0.12664331	0.60296106	3.330669e-16	0.34475335	0.06451032	0.4475328	0.2353432	15800	-0.01508975	0.009778414	-0.0010067839	9.9206576e-05	1.5089763	0.00034240243	0.0	4.0	63.17094922065735	268
158	0.25635904	0.16426381	0.48941827	0.0	7.125	19.0	9.4780445	36.0	4.0	0.3128194	0.15213759	0.48941827	0.0	0.36558932	0.05646054	0.43940237	0.23445988	15900	-0.014883056	0.013056717	-0.0012875013	-0.00018021424	1.4883046	0.0002906418	0.0	4.0	63.5678391456604	253
159	0.3984623	0.2070465	0.70048445	3.330669e-16	4.142857	18.82353	11.622672	36.0	0.0	0.43336985	0.14554666	0.70048445	3.330669e-16	0.3484836	0.059863634	0.4392907	0.23357894	16000	-0.014923878	0.014031575	-0.0014987513	-4.8882794e-06	1.4923882	0.00069485186	0.0	4.0	63.97639870643616	246
160	0.3174567	0.14960183	0.46616927	0.0	6.3076925	18.6875	11.150778	37.0	3.0	0.26311553	0.17943664	0.46616927	0.0	0.34640694	0.05957151	0.43032855	0.23412548	16100	-0.014926769	0.02458401	-0.00161051	-0.00014057592	1.4926772	0.0012626218	0.0	4.0	64.4582839012146	208
161	0.33300787	0.16377334	0.572131	0.0	5.714286	14.166667	11.036555	33.0	1.0	0.33168086	0.172855	0.572131	0.0	0.34642678	0.06167645	0.43261334	0.23374853	16200	-0.014998913	0.016453711	-0.0012117103	-0.00013628142	1.4998908	-0.00060008524	0.0	4.0	64.89323019981384	231
162	0.36526248	0.22792614	0.64953333	3.330669e-16	4.133333	16.947369	9.230804	32.0	1.0	0.43294093	0.18394843	0.64953333	3.330669e-16	0.34121582	0.06004123	0.4346126	0.2323578	16300	-0.014918447	0.020653078	-0.0026667388	-2.8238865e-05	1.4918396	-0.00022481919	0.0	4.0	65.29397106170654	250
163	0.27182654	0.22131102	0.65803444	0.0	6.090909	18.428572	8.837536	32.0	1.0	0.27291256	0.22086912	0.65803444	0.0	0.35226953	0.054866698	0.43989503	0.23302591	16400	-0.014834391	0.029496599	-0.0013653319	-5.6353863e-05	1.4834391	8.069514e-05	0.0	4.0	65.61219668388367	316
164	0.31284013	0.20219094	0.65740764	0.0	4.1666665	18.285715	10.793044	36.0	0.0	0.32520935	0.19752508	0.65740764	0.0	0.33235046	0.059269965	0.42080602	0.2328546	16500	-0.014900148	0.021161102	-0.0024921075	-8.253008e-05	1.4900124	0.0007827473	0.0	4.0	66.00050449371338	259
165	0.2829795	0.18806675	0.52861863	0.0	5.8	20.285715	10.90497	36.0	1.0	0.30906895	0.16556588	0.52861863	0.0	0.3472106	0.053512394	0.42602995	0.23181178	16600	-0.014753491	0.014811455	-0.0014814921	-0.00018710765	1.475348	0.0002864361	0.0	4.0	66.29857110977173	337
166	0.32068208	0.19018759	0.6303227	3.330669e-16	4.4666667	17.166666	11.26573	37.0	2.0	0.36528587	0.15273452	0.6303227	3.330669e-16	0.3338504	0.057781063	0.43212724	0.23052052	16700	-0.014881201	0.012880888	-0.0026894966	3.9917184e-05	1.4881229	8.172507e-05	0.0	4.0	66.66409468650818	275
167	0.3339432	0.26521403	0.83023906	0.0	6.076923	17.647058	9.535946	36.0	2.0	0.34040162	0.29092225	0.83023906	0.0	0.32951087	0.05366855	0.42802888	0.23000127	16800	-0.014789179	0.042837918	-0.0024166927	-9.9778175e-05	1.4789183	-0.00031604292	0.0	4.0	67.03319668769836	272
168	0.34173396	0.190719	0.65151614	0.020301834	5.6153846	16.8	9.6898575	32.0	0.0	0.38740447	0.16423762	0.65151614	0.020301834	0.343209	0.053623196	0.40984902	0.23012878	16900	-0.014751151	0.014119066	-0.0017640889	-2.3366418e-05	1.4751179	-0.00020293234	0.0	4.0	67.3977906703949	275
169	0.41287857	0.18018681	0.6689613	0.0	6.230769	16.882353	10.731385	35.0	0.0	0.37439165	0.20229714	0.6689613	0.0	0.3329531	0.05406713	0.41340375	0.23106667	17000	-0.014776826	0.023510456	-0.0015339768	-0.00010023033	1.4776874	3.815649e-05	0.0	4.0	67.75514078140259	281
170	0.3384101	0.19916435	0.64928216	3.330669e-16	4.733333	18.631578	9.937757	34.0	2.0	0.40001896	0.16433291	0.64928216	3.330669e-16	0.33408782	0.05535927	0.42753854	0.23267406	17100	-0.0147153735	0.015575634	-0.0019934922	-0.00020236801	1.4715403	-7.990359e-05	0.0	4.0	68.14414525032043	259
171	0.3959051	0.19547407	0.69878626	0.0	4.6	18.61111	10.909419	34.0	2.0	0.39478406	0.21953818	0.69878626	0.0	0.33764455	0.055635452	0.42458904	0.23520158	17200	-0.01473023	0.02757559	-0.002620533	-0.00022046431	1.4730285	0.0003250456	0.0	4.0	68.50475263595581	278
172	0.3583261	0.1601074	0.601654	3.330669e-16	5.3076925	18.25	8.7357025	35.0	2.0	0.39594477	0.12625128	0.601654	3.330669e-16	0.34477782	0.054130133	0.4442075	0.23837532	17300	-0.014710993	0.0105273295	-0.0020071995	-0.0002415877	1.4710989	-0.00085224153	0.0	4.0	68.88351273536682	265
173	0.34018055	0.18125562	0.64580435	0.0	5.071429	19.833334	10.858944	37.0	0.0	0.35260966	0.19053513	0.64580435	0.0	0.3533078	0.059809793	0.43333587	0.24168715	17400	-0.014568895	0.021180157	-0.001232516	4.9309456e-05	1.4568892	0.00054332253	0.0	4.0	69.27142691612244	259
174	0.32368892	0.2008778	0.6459746	2.220446e-16	5.1538463	14.235294	10.892682	33.0	0.0	0.37874138	0.1463847	0.6459746	2.220446e-16	0.35556358	0.0593158	0.45768666	0.24392667	17500	-0.014662415	0.011111677	-0.002337006	-3.3721328e-05	1.466239	-0.00030114656	0.0	4.0	69.64133548736572	271
175	0.25987494	0.20823625	0.6312632	0.0	6.3636365	11.466666	9.803854	28.0	0.0	0.251011	0.19028334	0.6312632	0.0	0.36339325	0.056856554	0.44019833	0.24565236	17600	-0.0145486	0.02717816	-0.0011359565	-0.0004299701	1.4548588	0.00010892394	0.0	4.0	70.01039576530457	272
176	0.44540834	0.13239624	0.6963652	0.32818362	6.2	20.428572	9.663734	37.0	2.0	0.45752716	0.12838455	0.6963652	0.32818362	0.36478338	0.05590325	0.44992274	0.24471304	17700	-0.014511295	0.01291411	-0.0006248532	0.00026710008	1.4511251	0.00016972065	0.0	4.0	70.34903526306152	297
177	0.37468705	0.14146356	0.6174507	0.02497955	5.4615383	17.235294	9.872895	35.0	0.0	0.4068281	0.1127408	0.6174507	0.02497955	0.35144252	0.05719251	0.44110984	0.24456356	17800	-0.014666691	0.007720719	-0.000836961	-9.498504e-05	1.4666705	-0.00015518189	0.0	4.0	70.68920803070068	295
178	0.32189032	0.21981163	0.5975849	0.0	5.923077	19.117647	9.566377	35.0	5.0	0.29671916	0.22766885	0.5975849	0.0	0.35197198	0.055304423	0.43367478	0.24640119	17900	-0.014558613	0.02911131	-0.0022600442	-0.00018252409	1.4558612	0.00023551937	0.0	4.0	71.05472421646118	275
179	0.39330214	0.1759862	0.6754203	0.0	6.5454545	12.2	7.082372	28.0	3.0	0.34027547	0.17261074	0.6754203	0.0	0.35521266	0.05502043	0.45654607	0.24689317	18000	-0.014575198	0.016372332	-0.0030232444	-0.00032661413	1.4575205	0.0010364389	0.0	4.0	71.37747740745544	311
180	0.37706625	0.1345976	0.64548457	0.042423703	4.5	21.45	12.427691	37.0	0.0	0.37641504	0.109450564	0.64548457	0.042423703	0.34421498	0.055502333	0.432963	0.24611405	18100	-0.014801219	0.0077974787	-0.0007994361	8.031842e-06	1.48012	5.9008453e-06	0.0	4.0	71.86113691329956	207
181	0.34273294	0.2095563	0.70717293	0.0	6.1666665	23.875	8.709729	37.0	9.0	0.35637793	0.21940896	0.70717293	0.0	0.34452742	0.050091647	0.41753703	0.24594076	18200	-0.01453042	0.02536382	-0.0017211437	-6.527518e-05	1.4530501	0.00025223257	0.0	4.0	72.22026658058167	280
182	0.35108984	0.1839805	0.6336358	0.0	4.375	16.0	11.811012	37.0	0.0	0.37303847	0.20546947	0.6336358	0.0	0.34218422	0.056491997	0.42784876	0.24629474	18300	-0.014564112	0.022535823	-0.0022539645	-4.2369007e-05	1.4564135	0.00013827806	0.0	4.0	72.63228297233582	245
183	0.3452213	0.2028782	0.6591909	0.0	4.857143	16.529411	11.093812	37.0	3.0	0.35218075	0.19412015	0.6591909	0.0	0.34518856	0.051134337	0.41303933	0.24709506	18400	-0.014455676	0.019335132	-0.0019943975	-9.061489e-05	1.4455708	0.00016967062	0.0	4.0	73.0113000869751	265
184	0.41783366	0.12297437	0.7029309	0.22367686	6.4166665	22.125	6.5371532	33.0	9.0	0.43371174	0.11323736	0.7029309	0.22367686	0.3491215	0.054038536	0.44605064	0.24794513	18500	-0.014472619	0.010457305	-0.00070445985	-0.00012131827	1.4472615	0.00023268224	0.0	4.0	73.35827136039734	290
185	0.41326687	0.21339828	0.7568774	0.0	4.0	15.777778	10.829771	35.0	1.0	0.38401788	0.22059678	0.7568774	0.0	0.34403995	0.05389447	0.4369055	0.2500224	18600	-0.014586225	0.025814153	-0.0020849258	-0.00012355973	1.4586247	0.00074184657	0.0	4.0	73.71435904502869	282
186	0.39790982	0.081962414	0.56483495	0.31481826	5.5384617	14.0	8.436615	31.0	2.0	0.38701048	0.06957871	0.56483495	0.31481826	0.34640563	0.049268115	0.4365144	0.25279152	18700	-0.014711767	0.004515564	-0.0012431443	-0.00011117902	1.4711739	-0.00039453508	0.0	4.0	74.05982851982117	291
187	0.408527	0.17789413	0.72512454	3.330669e-16	4.3333335	20.263159	12.644292	36.0	0.0	0.43255472	0.14919443	0.72512454	3.330669e-16	0.35481513	0.05641411	0.45183226	0.25545222	18800	-0.014653817	0.014398091	-0.001973873	-0.0003529947	1.4653802	-3.7889487e-05	0.0	4.0	74.46868515014648	245
188	0.34953216	0.1926455	0.636505	0.0	5.214286	19.235294	9.662111	33.0	2.0	0.31259748	0.2327658	0.636505	0.0	0.36415908	0.05565061	0.4447344	0.2588241	18900	-0.014586359	0.02993628	-0.0025966763	0.00012854394	1.458638	0.00045023917	0.0	4.0	74.99538516998291	190
189	0.36827824	0.15264174	0.634008	0.0	5.714286	14.529411	8.9975	34.0	0.0	0.37932172	0.19391827	0.634008	0.0	0.36788356	0.058390867	0.49511766	0.26060107	19000	-0.014570147	0.020159952	-0.0010544509	-3.0713738e-05	1.4570165	9.74655e-05	0.0	4.0	75.39243793487549	253
190	0.4145419	0.18057188	0.68578345	3.330669e-16	4.5333333	18.421053	10.835205	36.0	1.0	0.41971597	0.144327	0.68578345	3.330669e-16	0.36242908	0.0574685	0.44530717	0.26112503	19100	-0.014546007	0.012218304	-0.0016281353	-6.255883e-05	1.4546034	-0.00038295498	0.0	4.0	75.86566829681396	213
191	0.4357003	0.227657	0.75840515	3.330669e-16	4.266667	18.789474	9.231404	35.0	0.0	0.46843785	0.17852418	0.75840515	3.330669e-16	0.36462554	0.055855375	0.45907715	0.2625591	19200	-0.014508344	0.020817058	-0.0021203235	-0.00051019946	1.4508343	-0.00015095712	0.0	4.0	76.30804371833801	227
192	0.3656735	0.19347514	0.62092435	0.0	4.470588	18.761906	10.478571	34.0	2.0	0.34055543	0.19257346	0.62092435	0.0	0.36571038	0.060400695	0.47952342	0.26604787	19300	-0.014589071	0.019331876	-0.0018278323	8.082832e-05	1.4589117	-0.00032963752	0.0	4.0	76.77601170539856	215
193	0.2882541	0.22551924	0.69193214	0.0	6.6	18.285715	10.249937	37.0	1.0	0.28151733	0.21408686	0.69193214	0.0	0.37558433	0.055422727	0.4836461	0.2687006	19400	-0.014394885	0.027002957	-0.0030112565	-0.00060214975	1.4394857	0.0020732307	0.0	4.0	77.20163750648499	236
194	0.41630438	0.19097407	0.7143655	3.330669e-16	5.5	20.470589	9.127319	36.0	6.0	0.44902325	0.17012729	0.7143655	3.330669e-16	0.37081674	0.05763229	0.48844692	0.2680865	19500	-0.014393754	0.017239302	-0.0014713705	0.00019865076	1.4393686	-0.00020579339	0.0	4.0	77.58969354629517	259
195	0.39123484	0.20299299	0.69212025	3.330669e-16	4.928571	18.555555	10.87414	37.0	0.0	0.39815962	0.13886006	0.69212025	3.330669e-16	0.3749534	0.06096916	0.48413846	0.2682934	19600	-0.01427738	0.011386901	-0.0024373238	-1.8818362e-05	1.4277359	0.0011215783	0.0	4.0	77.97706961631775	260
196	0.41990894	0.1416308	0.7056922	0.19893467	4.571429	13.944445	7.4047446	32.0	4.0	0.40088263	0.147953	0.7056922	0.19893467	0.36191618	0.05588257	0.46104795	0.2697902	19700	-0.01467821	0.012523431	-0.0017192252	-7.70936e-05	1.4678168	-0.000814271	0.0	4.0	78.30874371528625	303
197	0.36974204	0.20903692	0.6854803	0.0	6.5	16.714285	8.835226	31.0	0.0	0.3449028	0.18990685	0.6854803	0.0	0.37041485	0.0569313	0.47218078	0.27158818	19800	-0.01433444	0.018910019	-0.0032849535	-7.485179e-05	1.4334399	0.0016966485	0.0	4.0	78.65966057777405	286
198	0.35058695	0.19154023	0.6025605	3.330669e-16	4.0	19.0	10.986355	37.0	1.0	0.4061588	0.14600159	0.6025605	3.330669e-16	0.3667634	0.056152754	0.46458346	0.25496992	19900	-0.014530428	0.011983425	-0.0011021253	1.8625055e-05	1.4530377	-0.00033376698	0.0	4.0	79.09487271308899	230
199	0.3716915	0.19345541	0.64696205	0.011452134	6.3333335	18.2	11.714378	36.0	0.0	0.42268804	0.14837484	0.64696205	0.011452134	0.37675068	0.05746591	0.4899206	0.27352157	20000	-0.014184713	0.014269255	-0.003674847	-0.00017206883	1.4184715	0.0014061308	0.0	4.0	79.52382707595825	235
200	0.41021326	0.09155866	0.5847335	0.3203625	4.6666665	16.0	10.677078	37.0	3.0	0.40641013	0.08611145	0.5847335	0.3203625	0.38210335	0.06184645	0.48178023	0.2754689	20100	-0.014279105	0.0054078456	-0.00047207996	-2.1484739e-05	1.4279115	0.0002643895	0.0	4.0	79.95584297180176	233
201	0.4560514	0.20751308	0.6953928	0.0	5.4666667	17.722221	9.503248	34.0	2.0	0.43155518	0.23417987	0.6953928	0.0	0.3862173	0.06282622	0.48690432	0.27740481	20200	-0.01423014	0.02864784	-0.0026880242	-0.00011603045	1.4230123	8.331775e-05	0.0	4.0	80.43956971168518	207
202	0.32290193	0.23680538	0.6267615	0.0	9.571428	19.90909	10.20209	35.0	4.0	0.29100326	0.213676	0.6267615	0.0	0.379564	0.055735283	0.4972686	0.27960786	20300	-0.014051549	0.027584437	-0.0040434226	-0.00046580253	1.4051524	0.0034210347	0.0	4.0	80.76277565956116	313
203	0.35312787	0.137138	0.64028406	0.02393717	4.0	20.181818	11.452019	36.0	0.0	0.3981242	0.11931613	0.64028406	0.02393717	0.3795705	0.06340894	0.50234926	0.27947968	20400	-0.014338918	0.008228032	-0.001218155	0.00012142939	1.433889	-0.0009843373	0.0	4.0	81.21397042274475	223
204	0.4449873	0.18920548	0.7540715	3.330669e-16	3.5294118	20.047619	8.380682	33.0	0.0	0.46449754	0.16229895	0.7540715	3.330669e-16	0.38293847	0.061355375	0.48542684	0.27879733	20500	-0.014158018	0.016523546	-0.0014772043	-5.0432398e-05	1.4158032	8.244533e-06	0.0	4.0	81.63928318023682	237
205	0.40270656	0.17588657	0.7016717	3.330669e-16	3.764706	21.380953	10.794514	37.0	0.0	0.4545875	0.15438813	0.7016717	3.330669e-16	0.37822115	0.062392313	0.49746832	0.28032213	20600	-0.01432465	0.017123137	-0.0017773435	-0.0003716558	1.432466	-0.00013913393	0.0	4.0	82.06145524978638	238
206	0.3522712	0.21143948	0.73839235	3.330669e-16	3.0434783	19.74074	10.682601	35.0	0.0	0.4016949	0.17996061	0.73839235	3.330669e-16	0.38233528	0.06704946	0.48276165	0.2835593	20700	-0.014268562	0.016695399	-0.0048074825	-7.663714e-05	1.4268601	0.0027891565	0.0	4.0	82.51364469528198	223
207	0.34381318	0.16681075	0.6788079	0.008563436	6.0	14.642858	8.549078	30.0	2.0	0.37708357	0.1104639	0.6788079	0.008563436	0.39103222	0.059903283	0.49472415	0.28675002	20800	-0.014160484	0.0075533907	-0.002895372	0.00012016832	1.4160447	-0.0023085952	0.0	4.0	82.86018681526184	290
208	0.4909826	0.20338754	0.7824745	0.017619098	4.4	16.68421	12.765301	37.0	0.0	0.5001279	0.17539085	0.7824745	0.017619098	0.41237274	0.07101031	0.5131074	0.28855765	20900	-0.01381018	0.020261284	-0.0030274373	-0.00040883	1.3810196	0.002370925	0.0	4.0	83.30504703521729	227
209	0.44171625	0.14525767	0.8153887	0.31274265	4.0	19.5	11.7961855	36.0	1.0	0.4400852	0.13554244	0.8153887	0.31274265	0.4191355	0.07279565	0.5265648	0.2912408	21000	-0.01399399	0.011256052	-0.0011222046	1.8262537e-05	1.399397	0.00047564268	0.0	4.0	83.74056005477905	231
210	0.35388365	0.20810139	0.7171591	3.330669e-16	3.047619	19.8	11.913018	37.0	3.0	0.4275165	0.18079449	0.7171591	3.330669e-16	0.4161832	0.08053363	0.5385277	0.29401112	21100	-0.014084198	0.015787123	-0.0029430632	-2.4602981e-05	1.4084201	0.00031082868	0.0	4.0	84.21274256706238	212
211	0.4124069	0.16936101	0.6533392	0.024459815	4.3333335	16.526316	11.527397	37.0	0.0	0.45097113	0.13947818	0.6533392	0.024459815	0.42357522	0.07289822	0.5438519	0.29593685	21200	-0.014028858	0.0110722855	-0.0015122406	-4.8283604e-05	1.4028857	-0.00013931989	0.0	4.0	84.60117220878601	258
212	0.41937703	0.21208212	0.7080235	2.220446e-16	4.0588236	19.952381	10.339367	35.0	0.0	0.46927744	0.16880046	0.7080235	2.220446e-16	0.41936317	0.077407606	0.5612415	0.29757613	21300	-0.013966557	0.015974585	-0.0023541944	-0.00014263554	1.396657	0.00025440453	0.0	4.0	85.0467426776886	225
213	0.4452923	0.13915403	0.69172776	0.23295537	3.5	17.695652	11.1489315	36.0	0.0	0.4693464	0.12752953	0.69172776	0.23295537	0.4304412	0.07896507	0.545821	0.29967976	21400	-0.0139923245	0.010401698	-0.0019513685	-8.041551e-05	1.3992301	0.0013220333	0.0	4.0	85.44473624229431	252
214	0.45149636	0.11462653	0.6324704	0.31633905	4.8125	19.45	10.111751	37.0	1.0	0.46426305	0.11249948	0.6324704	0.31633905	0.4422087	0.08012559	0.5968691	0.30213496	21500	-0.013924915	0.009033814	-0.0013552867	-1.0058284e-06	1.3924913	0.00039369822	0.0	4.0	85.82974481582642	261
215	0.4086219	0.11509793	0.6536143	0.29341513	4.4	19.0	12.810358	37.0	0.0	0.44400328	0.12435483	0.6536143	0.29341513	0.43941337	0.08000238	0.58910877	0.30410203	21600	-0.013864428	0.010173071	-0.0029944575	3.2700482e-05	1.3864405	0.0010730457	0.0	4.0	86.23423767089844	248
216	0.35889176	0.17927317	0.68231875	0.0	4.642857	13.277778	9.367826	31.0	0.0	0.35631958	0.18775119	0.68231875	0.0	0.4379188	0.07860263	0.5894758	0.30523425	21700	-0.01394406	0.022482648	-0.0008216128	-0.00042954553	1.3944043	0.0003173661	0.0	4.0	86.61721062660217	262
217	0.43071035	0.08971791	0.6082837	0.31201077	4.4666667	18.666666	11.813363	37.0	1.0	0.4307557	0.08255112	0.6082837	0.31201077	0.43999818	0.07577848	0.5587097	0.30388805	21800	-0.01397432	0.0055105966	-0.0012134607	-0.00021519925	1.3974345	0.00066815375	0.0	4.0	87.04703736305237	233
218	0.3849414	0.17188765	0.6837783	0.0	5.1538463	20.17647	7.302178	37.0	10.0	0.36075374	0.18408597	0.6837783	0.0	0.4215125	0.0760031	0.5571596	0.30153456	21900	-0.013813246	0.020587588	-0.0025435202	-0.0010183009	1.3813252	-0.00013981342	0.0	4.0	87.48552417755127	231
219	0.4169181	0.17312346	0.6670759	3.330669e-16	5.769231	18.266666	9.139414	33.0	3.0	0.45607403	0.13427138	0.6670759	3.330669e-16	0.42438728	0.07043681	0.5273695	0.29686174	22000	-0.013696566	0.010561563	-0.0015672259	0.0003387701	1.3696568	-0.000112593174	0.0	4.0	88.01504278182983	190
220	0.3745095	0.082305394	0.5665548	0.23515578	5.1538463	17.588236	8.437025	31.0	1.0	0.37700868	0.07478852	0.5665548	0.23515578	0.41653883	0.07401532	0.5740388	0.29660046	22100	-0.013786092	0.005838786	-0.001274202	-0.00024375401	1.3786101	-0.0006147433	0.0	4.0	88.42408156394958	247
221	0.31138203	0.21028736	0.6429581	0.0	4.625	21.894737	9.08379	36.0	3.0	0.3356511	0.21298258	0.6429581	0.0	0.38806143	0.07009526	0.51636213	0.27079916	22200	-0.014089942	0.024863701	-0.0019091964	-0.00040934724	1.4089916	0.0007405591	0.0	4.0	88.79468035697937	271
222	0.38813046	0.15772653	0.6326351	0.040380284	3.9444444	22.40909	11.006854	37.0	1.0	0.44391027	0.14316116	0.6326351	0.040380284	0.39302868	0.07547619	0.5127322	0.26129237	22300	-0.013999037	0.014594283	-0.0024375347	0.0001506817	1.3999045	0.00011452437	0.0	4.0	89.172847032547	265
223	0.39676726	0.14713827	0.56098634	0.0	7.3636365	13.615385	11.228662	33.0	0.0	0.36033005	0.16883615	0.56098634	0.0	0.3886933	0.06731611	0.5327645	0.2534596	22400	-0.0137402415	0.014948432	-0.0024847388	-9.970029e-05	1.3740208	8.099075e-05	0.0	4.0	89.62580037117004	221
224	0.4032716	0.14849709	0.62645775	0.02544637	3.5789473	23.217392	11.305853	37.0	0.0	0.43656403	0.12730879	0.62645775	0.02544637	0.39339122	0.07346605	0.51768005	0.2095744	22500	-0.013906255	0.010677018	-0.0021039965	7.712038e-05	1.3906288	-0.00061118125	0.0	4.0	90.1487762928009	192
225	0.47014815	0.16049196	0.7359168	0.23300093	3.8666666	17.894737	10.676559	35.0	2.0	0.4429435	0.15236296	0.7359168	0.23300093	0.38897124	0.07303971	0.508719	0.24545844	22600	-0.0137740895	0.013575245	-0.003452262	-7.046433e-05	1.377413	0.0009690261	0.0	4.0	90.53618860244751	259
226	0.4677434	0.14174084	0.6945727	0.33190823	6.25	14.0	5.7735023	23.0	4.0	0.4582555	0.14180896	0.6945727	0.30030075	0.3821644	0.074372545	0.5058517	0.20955859	22700	-0.013826236	0.014296764	-0.0031209216	-0.00031167013	1.3826232	0.0014122654	0.0	4.0	90.91198539733887	267
227	0.5106707	0.16976728	0.82957774	0.32707006	5.3076925	20.0	12.068433	36.0	0.0	0.5018886	0.16809681	0.82957774	0.32707006	0.40404153	0.07465387	0.52722025	0.2803941	22800	-0.013717338	0.020161971	-0.0042310283	-0.0007727734	1.3717269	0.0005178475	0.0	4.0	91.27096390724182	280
228	0.44005957	0.22202581	0.69154745	3.330669e-16	4.214286	16.0	8.950481	27.0	1.0	0.4409975	0.16465811	0.69154745	3.330669e-16	0.42022476	0.07654704	0.5472923	0.2985282	22900	-0.0136883445	0.015499352	-0.0023119748	1.3072276e-06	1.3688341	-0.0003974819	0.0	4.0	91.63882493972778	273
229	0.38201177	0.16611715	0.62474006	3.330669e-16	4.5	21.6	10.418253	36.0	6.0	0.42212778	0.13276567	0.62474006	3.330669e-16	0.42136467	0.080114186	0.54729843	0.2870616	23000	-0.013648868	0.010378929	-0.0012618266	9.6671865e-05	1.3648871	0.0011424184	0.0	4.0	92.04388618469238	248
230	0.3583361	0.16039579	0.66917205	0.0	4.375	15.315789	11.814589	35.0	0.0	0.36054122	0.18920772	0.66917205	0.0	0.4206459	0.087189786	0.5952121	0.22043896	23100	-0.013780981	0.019557334	-0.004394695	-0.0001816632	1.378098	0.001351123	0.0	4.0	92.41863298416138	268
231	0.50215286	0.15515804	0.76769185	0.2224272	4.2941175	15.25	9.6947155	33.0	1.0	0.51296324	0.14954628	0.76769185	0.2224272	0.43378258	0.077460885	0.5725723	0.30435345	23200	-0.013568088	0.01700323	-0.001236327	0.00012405531	1.356813	-0.0015541887	0.0	4.0	92.79528164863586	266
232	0.43951085	0.15481207	0.87392753	0.3135395	5.2	17.333334	10.154365	36.0	2.0	0.4342942	0.15432076	0.87392753	0.3135395	0.41391328	0.08110931	0.54547685	0.28498012	23300	-0.0136546865	0.013990823	-0.0009343019	-3.5484554e-06	1.3654692	0.00023811815	0.0	4.0	93.16690111160278	270
233	0.4031903	0.117713824	0.6980392	0.24240866	4.25	14.95	10.739995	34.0	0.0	0.41975266	0.111462414	0.6980392	0.24240866	0.43166718	0.08192822	0.56488395	0.289329	23400	-0.013800718	0.009171676	-0.0018807575	1.995801e-05	1.3800715	-0.00030823707	0.0	4.0	93.51589632034302	288
234	0.4464723	0.1849911	0.81170815	3.330669e-16	3.8888888	16.0	9.401114	33.0	3.0	0.47977793	0.1738335	0.81170815	3.330669e-16	0.42804986	0.08338723	0.6064297	0.29198903	23500	-0.013776407	0.017645713	-0.0019998401	-2.0805048e-05	1.3776456	-0.00036925316	0.0	4.0	93.93115139007568	242
235	0.43538302	0.122497216	0.701891	0.28390342	3.75	13.4	10.150862	30.0	0.0	0.45107335	0.11722769	0.701891	0.28390342	0.43518063	0.07856424	0.55718607	0.30753887	23600	-0.013805252	0.009522237	-0.002490621	-1.0987278e-06	1.3805261	1.4996505e-05	0.0	4.0	94.28432822227478	284
236	0.4490562	0.13300098	0.6773854	0.3315981	5.5	20.411764	10.599994	37.0	2.0	0.46470657	0.12884095	0.6773854	0.3315981	0.42872223	0.08819351	0.5654294	0.2449141	23700	-0.013728343	0.012232963	-0.0014831387	-8.857879e-05	1.3728309	0.00076642516	0.0	4.0	94.65587258338928	270
237	0.37325758	0.17910984	0.64304066	3.330669e-16	3.7894738	17.90909	10.246547	36.0	0.0	0.398158	0.14120978	0.64304066	3.330669e-16	0.43633968	0.08189935	0.5581906	0.27726743	23800	-0.013875049	0.012253218	-0.0010535028	-4.2542815e-06	1.387503	0.00010783432	0.0	4.0	95.10597777366638	223
238	0.3739292	0.16996849	0.64769375	3.330669e-16	3.7	16.043478	11.145201	37.0	1.0	0.43192363	0.1603643	0.64769375	3.330669e-16	0.43981522	0.08299761	0.5776492	0.30909958	23900	-0.013627935	0.013948752	-0.004830105	-5.552778e-06	1.3627938	0.0010111547	0.0	4.0	95.49962186813354	255
239	0.41690192	0.14944978	0.70980835	0.117537595	4.733333	17.842106	10.917215	37.0	1.0	0.43579417	0.11977036	0.70980835	0.117537595	0.42896608	0.08473972	0.5756735	0.25714344	24000	-0.013473958	0.009551154	-0.0033585802	1.0387506e-05	1.3473916	0.0017305659	0.0	4.0	95.88291907310486	262
240	0.32580552	0.20415334	0.6179967	0.0	5.5	18.235294	10.383977	34.0	1.0	0.28107768	0.21844512	0.6179967	0.0	0.41691253	0.08475611	0.559611	0.2603317	24100	-0.013768971	0.030830897	-0.0046440065	-0.0019272233	1.3768927	0.003092177	0.0	4.0	96.24702858924866	276
241	0.47230017	0.13080676	0.7615586	0.33320558	4.9333334	22.61111	10.765887	37.0	0.0	0.45705286	0.12484461	0.7615586	0.33320558	0.4226148	0.07857921	0.5495384	0.26736724	24200	-0.013745926	0.010292868	-0.0034777634	0.00031286216	1.3745922	0.0005232454	0.0	4.0	96.60016322135925	284
242	0.41466412	0.16950144	0.6778419	0.025029367	3.7222223	16.772728	9.039971	35.0	0.0	0.43447423	0.14144236	0.6778419	0.025029367	0.40498513	0.07702323	0.54586405	0.24245732	24300	-0.013827145	0.011779266	-0.0026284456	0.00017733313	1.3827157	-0.0005867625	0.0	4.0	97.10423874855042	199
243	0.47329217	0.13119112	0.70480484	0.31861722	4.0588236	16.25	10.084022	35.0	2.0	0.45415497	0.1295713	0.70480484	0.27079353	0.41280776	0.0805965	0.5500422	0.24689263	24400	-0.013460442	0.0117576895	-0.002467744	7.3370524e-05	1.3460429	9.714131e-05	0.0	4.0	97.48785138130188	262
244	0.4395651	0.11360744	0.65740186	0.30534652	4.105263	13.590909	10.147365	37.0	0.0	0.44127885	0.11815284	0.65740186	0.30534652	0.40764213	0.07328608	0.55247486	0.26193812	24500	-0.013623185	0.009439198	-0.0023509515	7.451745e-07	1.362318	-0.0012269139	0.0	4.0	97.89931440353394	244
245	0.3734711	0.16591465	0.67926925	3.330669e-16	3.8947368	19.086956	10.44619	37.0	1.0	0.41878587	0.14626858	0.67926925	3.330669e-16	0.39864844	0.08390841	0.53554434	0.19140704	24600	-0.013592914	0.014893485	-0.0010083318	-8.432381e-05	1.3592949	-0.00029971125	0.0	4.0	98.29531168937683	253
246	0.44895718	0.16492826	0.7126711	3.330669e-16	4.0	21.0	10.492422	37.0	4.0	0.4762959	0.1463538	0.7126711	3.330669e-16	0.40694168	0.08188715	0.5619228	0.1879114	24700	-0.013632443	0.017183065	-0.0023199283	-0.00048649707	1.363238	0.0005819511	0.0	4.0	98.67115998268127	267
247	0.47429955	0.121396035	0.6395659	0.28788722	4.866667	18.666666	10.34945	34.0	0.0	0.48577902	0.11783253	0.6395659	0.28788722	0.4122629	0.080960855	0.5323106	0.22538368	24800	-0.0136059895	0.013242617	-0.002487204	-0.00088357145	1.3606025	-0.0017457437	0.0	4.0	99.03957271575928	272
248	0.40172336	0.17186826	0.76844895	0.05992872	3.8888888	18.0	9.080448	33.0	1.0	0.41588202	0.17406541	0.76844895	0.05992872	0.42300242	0.08385036	0.57642514	0.2708404	24900	-0.013496131	0.01943532	-0.0050853603	0.0002158375	1.3496151	0.00081891543	0.0	4.0	99.42179608345032	263
249	0.40789407	0.18809927	0.7956336	3.330669e-16	4.1764708	20.142857	9.696763	36.0	1.0	0.46868902	0.17080128	0.7956336	3.330669e-16	0.4422906	0.0823889	0.5921872	0.3091327	25000	-0.013442449	0.016362475	-0.0032374407	-0.00021778629	1.3442448	0.0019989372	0.0	4.0	99.82829785346985	247
250	0.3638435	0.14599013	0.601335	3.330669e-16	3.65	22.0	10.716032	37.0	0.0	0.40492603	0.11908248	0.601335	3.330669e-16	0.4451832	0.08795515	0.56163555	0.3009241	25100	-0.013617735	0.010753732	-0.0062505445	0.00017810194	1.3617711	0.004131224	0.0	4.0	100.23310542106628	248
251	0.4962751	0.15104823	0.77591676	0.33249965	5.1538463	16.117647	9.779223	36.0	1.0	0.47581136	0.13300179	0.77591676	0.31273007	0.4529014	0.086452074	0.62855494	0.30927882	25200	-0.012924291	0.012384307	-0.003552176	1.5347614e-05	1.2924304	0.0031237076	0.0	4.0	100.6151831150055	263
252	0.37270546	0.15195146	0.64028406	3.330669e-16	5.6923075	18.9375	10.083828	37.0	1.0	0.39760235	0.11225791	0.64028406	3.330669e-16	0.44573268	0.08056741	0.60439754	0.30896422	25300	-0.0132342875	0.009140462	-0.0026553012	-0.000118993805	1.323429	0.0011952997	0.0	4.0	100.96302032470703	289
253	0.36911517	0.174824	0.856948	3.330669e-16	4.6	16.666666	9.797959	36.0	0.0	0.37353244	0.13435988	0.856948	3.330669e-16	0.4449143	0.08084933	0.59339523	0.3074378	25400	-0.013339318	0.013180421	-0.0017765276	-0.00090846454	1.33393	0.0013050151	0.0	4.0	101.33745980262756	268
254	0.36778674	0.1655318	0.6434778	0.0	3.8947368	15.863636	9.367718	35.0	1.0	0.40198472	0.14119597	0.6434778	0.0	0.4314792	0.079740554	0.55449057	0.30401185	25500	-0.013374906	0.012778915	-0.004230963	-0.00046397338	1.3374908	-0.0010892272	0.0	4.0	101.73997235298157	249
255	0.42532668	0.14945881	0.7581395	0.21655841	3.8888888	20.75	11.017599	37.0	0.0	0.43775564	0.11949666	0.7581395	0.21655841	0.40812203	0.082942896	0.5398528	0.2358137	25600	-0.013180558	0.009901196	-0.0014731036	0.0002049784	1.318056	0.0007732057	0.0	4.0	102.16349792480469	237
256	0.3492356	0.1405637	0.6327069	3.330669e-16	4.0588236	18.35	11.398575	36.0	0.0	0.3679243	0.11320776	0.6327069	3.330669e-16	0.41836753	0.086271115	0.56697196	0.25078875	25700	-0.012766294	0.009912023	-0.0027342364	-0.00032147043	1.276628	0.0011310673	0.0	4.0	102.53677535057068	269
257	0.42668653	0.12007649	0.6437388	0.21519019	4.0625	13.9	10.492377	32.0	0.0	0.4288836	0.11275051	0.6437388	0.21519019	0.40294647	0.07365395	0.51280075	0.2536592	25800	-0.013098322	0.008826932	-0.0017811805	0.00013035594	1.3098315	-0.00019298792	0.0	4.0	102.90439462661743	273
258	0.4709081	0.14450866	0.7771395	0.3220602	5.125	19.722221	10.727978	35.0	0.0	0.46868062	0.14439473	0.7771395	0.3220602	0.39224616	0.08761041	0.53546077	0.17440665	25900	-0.01288682	0.014491051	-0.0015807785	-0.00010141474	1.2886839	0.000748086	0.0	4.0	103.28840017318726	261
259	0.38109946	0.105271086	0.61466414	0.11162224	3.3157895	19.363636	9.892814	37.0	2.0	0.38911402	0.094589435	0.61466414	0.11162224	0.4053459	0.07520558	0.52826005	0.28879794	26000	-0.013129637	0.006542337	-0.0019433945	8.961605e-05	1.3129637	-0.00015143632	0.0	4.0	103.67512893676758	260
260	0.45090252	0.1619948	0.6734115	3.330669e-16	4.111111	22.190475	11.19787	37.0	2.0	0.47070456	0.13306178	0.6734115	3.330669e-16	0.40784878	0.07772182	0.53317964	0.27173793	26100	-0.0128745735	0.012843596	-0.0012051985	-0.00011102948	1.2874589	-0.00019332407	0.0	4.0	104.09815406799316	237
261	0.41665298	0.107107654	0.67781293	0.30705735	4.4375	16.4	10.437432	33.0	0.0	0.42869267	0.09988719	0.67781293	0.30705735	0.4121195	0.07229099	0.523946	0.28452528	26200	-0.013110578	0.007113551	-0.001553312	2.0513544e-06	1.3110623	-0.0002795696	0.0	4.0	104.45208954811096	284
262	0.42467287	0.11487952	0.64970464	0.3293516	5.571429	17.117647	11.821627	36.0	0.0	0.43433562	0.11504549	0.64970464	0.3293516	0.4167594	0.07228309	0.5403663	0.2763562	26300	-0.012774939	0.008934495	-0.0018296167	-9.930227e-08	1.2774903	-0.0004905915	0.0	4.0	104.82515835762024	269
263	0.5101517	0.11783712	0.6692402	0.3324259	5.285714	22.705883	8.448911	36.0	6.0	0.50597054	0.116157934	0.6692402	0.3324259	0.41266277	0.07798353	0.53963625	0.26266977	26400	-0.012713842	0.013050322	-0.006271377	-0.00039425178	1.2713904	0.00055137865	0.0	4.0	105.18634080886841	279
264	0.46843076	0.14230563	0.7375692	0.32824028	4.4375	18.2	9.962931	37.0	0.0	0.47971666	0.13961305	0.7375692	0.32824028	0.4193343	0.07744919	0.5404314	0.25126773	26500	-0.013065457	0.01421438	-0.0005072169	-0.00038706185	1.3065476	0.00039629458	0.0	4.0	105.57987785339355	255
265	0.44074905	0.16996157	0.6574364	3.330669e-16	4.117647	21.619047	11.12045	37.0	0.0	0.46839395	0.14819731	0.6574364	3.330669e-16	0.42637986	0.08529154	0.5899912	0.28564015	26600	-0.0130858645	0.012940426	-0.0027308501	-0.0002866838	1.3085891	0.0004959584	0.0	4.0	106.05105590820312	213
266	0.4339686	0.12033771	0.64205724	0.23675612	4.8125	16.789474	9.567373	31.0	0.0	0.44842884	0.11018254	0.64205724	0.23675612	0.44891757	0.08955241	0.57692176	0.2722339	26700	-0.012841739	0.009872742	-0.001508005	0.00013833493	1.2841747	0.00074005837	0.0	4.0	106.47667098045349	236
267	0.49982584	0.12254096	0.71371657	0.32711998	4.8125	19.736841	10.47223	36.0	0.0	0.48295024	0.11636896	0.71371657	0.32711998	0.46280137	0.08969551	0.60606354	0.309507	26800	-0.012635618	0.01019906	-0.002248548	-2.0547304e-06	1.2635602	-0.0001260829	0.0	4.0	106.86810874938965	256
268	0.44013938	0.10728305	0.67934996	0.3203625	4.5882354	20.85	8.162567	37.0	8.0	0.44910854	0.10342648	0.67934996	0.3203625	0.45567515	0.0890773	0.5964886	0.31025225	26900	-0.012953017	0.009170705	-0.0007548891	-0.0001034867	1.2952992	0.00023844	0.0	4.0	107.23748731613159	272
269	0.43150964	0.15647501	0.6908626	3.330669e-16	4.5	15.0	8.820431	32.0	2.0	0.455381	0.12200335	0.6908626	3.330669e-16	0.45406783	0.089088544	0.6000318	0.31013083	27000	-0.012724675	0.010805801	-0.001501508	-9.8745106e-05	1.2724683	0.0008413625	0.0	4.0	107.61537218093872	266
270	0.42082387	0.15789355	0.7105427	3.330669e-16	4.470588	19.3	9.284934	36.0	1.0	0.443296	0.13874002	0.7105427	3.330669e-16	0.4326657	0.08053462	0.57060254	0.28181177	27100	-0.013055533	0.012248794	-0.0014013685	-2.2940338e-05	1.3055565	0.00066495186	0.0	4.0	107.99966263771057	261
271	0.39856642	0.18839401	0.70076704	3.330669e-16	3.4285715	15.32	9.817209	36.0	0.0	0.44100872	0.16448152	0.70076704	3.330669e-16	0.44419396	0.08795608	0.57081926	0.30878648	27200	-0.013085794	0.016276274	-0.0016959198	-7.1844785e-05	1.3085818	0.00018334153	0.0	4.0	108.45897650718689	218
272	0.43020195	0.110829644	0.629663	0.28722087	4.388889	20.0	9.814061	37.0	1.0	0.4363744	0.10879868	0.629663	0.28722087	0.4428061	0.087713555	0.5765046	0.24927038	27300	-0.012762129	0.00890174	-0.0014615841	-0.00015742879	1.2762125	0.00015505792	0.0	4.0	108.88456988334656	236
273	0.45921946	0.13202158	0.6696259	0.31269994	4.9333334	13.368421	10.805509	34.0	0.0	0.4541575	0.12623765	0.6696259	0.31269994	0.4267898	0.08415067	0.57470256	0.26877436	27400	-0.012906343	0.009962201	-0.0018133856	-7.660477e-06	1.2906361	0.0001886487	0.0	4.0	109.25339555740356	273
274	0.4486913	0.10624635	0.6765273	0.24079694	3.9473684	15.190476	11.206372	34.0	0.0	0.4555131	0.09774462	0.6765273	0.24079694	0.4288785	0.07464215	0.5395777	0.30634853	27500	-0.013218246	0.007604495	-0.0008894913	-2.4785986e-05	1.3218193	-0.0002704835	0.0	4.0	109.64891290664673	254
275	0.41548422	0.12996778	0.64197963	0.102178164	4.0	18.954546	10.275643	36.0	4.0	0.4287677	0.12558325	0.64197963	0.102178164	0.42947787	0.080379695	0.54911745	0.254732	27600	-0.0131730735	0.010920586	-0.0017476566	-2.2839638e-05	1.3173096	0.00075835944	0.0	4.0	110.06843376159668	239
276	0.3968249	0.10456454	0.64404714	0.31007835	4.352941	16.842106	11.672113	36.0	0.0	0.41031823	0.1078105	0.64404714	0.31007835	0.4252398	0.08187909	0.5414234	0.25401732	27700	-0.01300516	0.008210905	-0.0017529465	-9.7037875e-05	1.3005127	0.00025767804	0.0	4.0	110.49748730659485	234
277	0.4911003	0.13508487	0.72786474	0.29229352	4.5882354	14.166667	7.559027	32.0	4.0	0.48524454	0.13437936	0.72786474	0.29229352	0.43075502	0.07515365	0.55090433	0.27527264	27800	-0.012804065	0.011904503	-0.0025052319	1.1039083e-05	1.2804029	-0.00015922546	0.0	4.0	110.943692445755	225
278	0.45067158	0.103717074	0.6706626	0.3285475	4.866667	18.157894	9.831545	35.0	3.0	0.4575821	0.09338909	0.6706626	0.3285475	0.42331204	0.079416014	0.55569726	0.24827158	27900	-0.012738645	0.008206335	-0.0025106017	-4.677777e-05	1.273869	0.0022978496	0.0	4.0	111.35708618164062	243
279	0.4238544	0.12591778	0.76953477	0.31894368	3.95	14.190476	10.33081	33.0	0.0	0.44860494	0.13617268	0.76953477	0.31894368	0.43071687	0.08042423	0.5734932	0.27428445	28000	-0.012853684	0.013519972	-0.004124659	-4.6194997e-05	1.2853698	0.0004070854	0.0	4.0	111.7821147441864	236
280	0.48501384	0.14005882	0.7442022	0.31568792	4.6	15.833333	10.833333	37.0	0.0	0.47030458	0.1360763	0.7442022	0.31568792	0.43477482	0.08247089	0.57399285	0.28877318	28100	-0.012394642	0.013455166	-0.0016795043	-8.485501e-05	1.239465	0.00164819	0.0	4.0	112.19962406158447	241
281	0.4902926	0.104916014	0.6893967	0.30739993	4.8125	18.68421	10.833927	35.0	0.0	0.49685588	0.106021315	0.6893967	0.30739993	0.43809137	0.08149573	0.58266705	0.2842819	28200	-0.012711719	0.009465694	-0.0014858246	-0.00023389421	1.2711723	-0.00052845007	0.0	4.0	112.58553552627563	260
282	0.4262149	0.13868764	0.6666461	0.16623332	3.8333333	21.681818	11.663409	36.0	1.0	0.4560143	0.12606782	0.6666461	0.16623332	0.44087297	0.08320718	0.5673452	0.31129014	28300	-0.012912396	0.010465275	-0.0013675622	1.8605497e-05	1.2912372	0.00052485464	0.0	4.0	112.99977040290833	242
283	0.37506428	0.14088005	0.6412916	0.028292254	3.8421052	12.913043	8.855914	33.0	0.0	0.4041125	0.12982777	0.6412916	0.028292254	0.44466576	0.084338106	0.57391053	0.31293783	28400	-0.0128497705	0.012829952	-0.0032835868	-4.057598e-05	1.2849791	0.0020623086	0.0	4.0	113.3918526172638	256
284	0.3937327	0.15507036	0.75691915	0.03277168	4.733333	21.105263	10.228416	37.0	4.0	0.39916775	0.12898372	0.75691915	0.03277168	0.45652387	0.09172135	0.60114133	0.2554865	28500	-0.012283862	0.013279703	-0.00078546256	-0.00072146114	1.2283878	0.0008162998	0.0	4.0	113.78367257118225	256
285	0.42899287	0.16756295	0.82523715	3.330669e-16	4.1666665	15.25	10.746511	36.0	0.0	0.4412656	0.14815289	0.82523715	3.330669e-16	0.4393445	0.07875057	0.5665529	0.3091262	28600	-0.012830764	0.012464206	-0.0015999041	-0.00019739266	1.2830776	5.5017445e-05	0.0	4.0	114.16746640205383	262
286	0.488111	0.106662035	0.70299596	0.33271706	5.0666666	15.055555	11.997556	37.0	0.0	0.49092144	0.11028534	0.70299596	0.33271706	0.417451	0.07772603	0.5408976	0.22022295	28700	-0.012590852	0.011007933	-0.0022599585	0.0001389659	1.2590885	-0.00023190261	0.0	4.0	114.59107565879822	237
287	0.4633819	0.13556115	0.7024748	0.32850492	4.8	16.526316	5.7525134	28.0	6.0	0.45675364	0.12580647	0.7024748	0.32850492	0.428556	0.081464216	0.5461409	0.24293844	28800	-0.012611471	0.010715169	-0.002293611	-1.6996055e-05	1.2611461	0.0010682964	0.0	4.0	114.9763810634613	261
288	0.388496	0.15428802	0.7274082	2.220446e-16	4.266667	16.105263	8.005884	32.0	4.0	0.4137914	0.1430794	0.7274082	2.220446e-16	0.41775572	0.07552586	0.5663366	0.2744631	28900	-0.01268211	0.012171814	-0.0021275803	-1.2221979e-05	1.2682135	0.00029135702	0.0	4.0	115.34012961387634	276
289	0.39540082	0.12063095	0.6564723	0.20096016	4.5	19.4	10.214696	35.0	0.0	0.4173701	0.1148722	0.6564723	0.20096016	0.4257456	0.07240594	0.5520394	0.3068903	29000	-0.01267685	0.008024953	-0.002029888	-5.5176206e-05	1.267683	-1.6798964e-05	0.0	4.0	115.72495198249817	261
290	0.43308705	0.12786652	0.63809675	0.11393884	4.5	20.842106	12.227076	37.0	0.0	0.4504905	0.1060924	0.63809675	0.11393884	0.42175576	0.075825274	0.53681767	0.24882871	29100	-0.01263196	0.00844376	-0.0014471896	1.6180798e-05	1.263195	-0.00032527448	0.0	4.0	116.21052145957947	207
291	0.39780948	0.14595784	0.6925942	0.023386853	3.6666667	20.0	9.258903	36.0	5.0	0.41227034	0.12504166	0.6925942	0.023386853	0.4233857	0.075564176	0.53210276	0.3060875	29200	-0.012914278	0.009456832	-0.0014058519	-5.1451963e-05	1.2914307	7.279875e-05	0.0	4.0	116.62883234024048	240
292	0.4166552	0.15845384	0.75645304	0.15705886	4.0	19.2	11.7584	37.0	1.0	0.44333613	0.15975782	0.75645304	0.15705886	0.41887107	0.077093415	0.54522496	0.2505347	29300	-0.012748972	0.014382092	-0.0017370833	4.8595248e-05	1.2748982	5.319357e-05	0.0	4.0	117.11403822898865	207
293	0.49304384	0.12048114	0.7006589	0.33247304	4.4117646	14.857142	8.201542	26.0	1.0	0.5017126	0.11552537	0.7006589	0.33247304	0.41936874	0.083814144	0.5629942	0.23000774	29400	-0.012463145	0.012213513	-0.0014506438	-0.00034322636	1.2463138	0.00011312961	0.0	4.0	117.50641202926636	256
294	0.43920195	0.12745953	0.64512265	0.24079694	4.111111	18.238094	11.08798	36.0	0.0	0.46448404	0.120203316	0.64512265	0.24079694	0.42190596	0.079434276	0.5575032	0.24106844	29500	-0.012610644	0.011144953	-0.0028949678	-0.0004107909	1.2610664	-5.4995995e-05	0.0	4.0	117.94878268241882	227
295	0.40625495	0.12772171	0.6731717	0.23016152	4.117647	17.47619	11.303683	37.0	2.0	0.4256239	0.1285785	0.6731717	0.23016152	0.44356552	0.08026482	0.5550825	0.30967724	29600	-0.012652475	0.010967602	-0.0023633074	0.0001933393	1.2652433	0.001459148	0.0	4.0	118.37031102180481	238
296	0.4174211	0.11903917	0.70708925	0.24240866	4.470588	15.0	11.721774	36.0	2.0	0.43128318	0.11376016	0.70708925	0.24240866	0.4373816	0.07834249	0.56371504	0.31038958	29700	-0.012876898	0.009380329	-0.002264848	-0.00011354161	1.2876898	0.0005578828	0.0	4.0	118.78541016578674	242
297	0.46385542	0.11189345	0.6464847	0.32946968	5.2	19.0	8.3101635	34.0	6.0	0.47527882	0.11078558	0.6464847	0.32946968	0.4329559	0.07786647	0.5481745	0.28413638	29800	-0.012569979	0.010688182	-0.0034263656	-1.18959e-05	1.2569983	-7.158279e-05	0.0	4.0	119.22872281074524	227
298	0.4565543	0.18323316	0.762778	3.330669e-16	4.1764708	20.714285	11.13614	35.0	0.0	0.47119462	0.15320283	0.762778	3.330669e-16	0.44158286	0.07939483	0.56002736	0.30918443	29900	-0.012631327	0.01433613	-0.0016737804	-1.5171943e-05	1.2631315	-0.00024535414	0.0	4.0	119.64165496826172	243
299	0.46040422	0.18610081	0.76913184	0.19412409	4.733333	17.263159	12.640128	37.0	1.0	0.4745109	0.18061474	0.76913184	0.19412409	0.4383896	0.0814953	0.57807845	0.30087128	30000	-0.012393288	0.020190684	-0.0016825292	-8.835131e-05	1.2393255	-0.0004524493	0.0	4.0	120.02574253082275	261
