Epoch	AverageEpRet	StdEpRet	MaxEpRet	MinEpRet	EpLen	AverageAct	StdAct	MaxAct	MinAct	AverageRetBuf	StdRetBuf	MaxRetBuf	MinRetBuf	AverageVVals	StdVVals	MaxVVals	MinVVals	TotalEnvInteracts	LossPi	LossV	DeltaLossPi	DeltaLossV	Entropy	KL	ClipFrac	StopIter	Time	FPS
0	0.4545336	0.32787898	0.80084765	0.0	3.69869	24.604347	14.097641	47.0	0.0	0.3682489	0.34573862	0.80084765	-0.067521356	-0.056248464	0.012268523	-0.0150209535	-0.09487566	1000	-0.017886765	0.15026796	-0.001867285	-0.0021669418	1.7886746	-4.0374278e-05	0.0	4.0	26.203447103500366	38
1	0.47624916	0.32196242	0.78893816	0.0	3.652174	21.199135	13.978778	47.0	0.0	0.3961862	0.34514952	0.78893816	-0.061017677	-0.04967292	0.012866566	-0.010609627	-0.08850559	2000	-0.01788616	0.15914689	-0.001598198	-0.0022935718	1.7886128	-7.18112e-05	0.0	4.0	51.048099994659424	40
2	0.4142444	0.33792582	0.77368414	0.0	3.9318182	25.081448	13.684971	47.0	0.0	0.3255682	0.34429565	0.77368414	-0.046181582	-0.043127228	0.013310025	0.00812708	-0.07874526	3000	-0.017885065	0.12749584	-0.0014921892	-0.0018414408	1.7885073	0.00010690975	0.0	4.0	72.86845636367798	45
3	0.44688475	0.33662173	0.79527134	0.0	3.7117903	23.186956	14.269603	47.0	0.0	0.35119694	0.35007766	0.79527134	-0.03089105	-0.03664864	0.013673624	0.020092838	-0.069763005	4000	-0.017884383	0.1374072	-0.0014573559	-0.0018862486	1.7884438	-4.9652575e-05	0.0	4.0	94.82983756065369	45
4	0.45039052	0.32654077	0.7857491	0.0	3.8423424	24.35135	14.210546	47.0	0.0	0.3731466	0.34159598	0.7857491	0.0	-0.030051919	0.014924716	0.02186565	-0.064105615	5000	-0.017883312	0.14036597	-0.0014080759	-0.002005577	1.7883266	6.898737e-05	0.0	4.0	117.31914496421814	44
5	0.45126143	0.32790717	0.77487695	0.0	3.8772728	23.321266	14.658432	47.0	0.0	0.37539384	0.34386915	0.77487695	0.0	-0.02345205	0.015668282	0.03869711	-0.060607478	6000	-0.017882323	0.13912886	-0.001416102	-0.002034083	1.7882359	-4.1947842e-05	0.0	4.0	140.92874479293823	42
6	0.4397138	0.33527	0.8306554	0.0	3.8733032	22.306307	14.337183	46.0	0.0	0.35693684	0.34849644	0.8306554	-0.010393636	-0.017609894	0.016842028	0.04143241	-0.054359723	7000	-0.017881067	0.13187343	-0.0013790578	-0.0018839836	1.7881038	4.7335147e-05	0.0	4.0	165.40317344665527	40
7	0.45514488	0.3311476	0.7782712	0.0	3.6709957	23.645021	14.171323	47.0	0.0	0.3651301	0.34893072	0.7782712	0.0	-0.01019203	0.017390236	0.043844596	-0.04807024	8000	-0.017880041	0.13262261	-0.001466848	-0.0018379241	1.7880051	-4.728508e-05	0.0	4.0	187.17981934547424	46
8	0.44784907	0.332329	0.77508247	0.0	3.7236843	23.991266	14.031466	47.0	0.0	0.35643065	0.34688354	0.77508247	0.0	-0.003812955	0.01912632	0.06117096	-0.04119897	9000	-0.017878331	0.12650864	-0.0015601236	-0.0017352775	1.7878269	0.00010979319	0.0	4.0	209.78113079071045	44
9	0.46020532	0.32905737	0.80235237	0.0	3.768889	23.756638	13.632278	47.0	0.0	0.37749508	0.34611458	0.80235237	-0.009303108	0.0025380417	0.01920851	0.068605684	-0.03564243	10000	-0.017876746	0.13144125	-0.0015881956	-0.0018461794	1.7876735	1.9498824e-05	0.0	4.0	231.52323937416077	46
10	0.4612286	0.33196157	0.81457394	0.0	3.6293104	22.622318	14.173475	47.0	0.0	0.36737224	0.35012636	0.81457394	0.0	0.007824382	0.0201849	0.06932016	-0.029574456	11000	-0.017874973	0.1275702	-0.0016108938	-0.0017538965	1.7874962	4.1818618e-07	0.0	4.0	252.9372546672821	46
11	0.48592907	0.31299195	0.80265653	0.0	3.506329	22.527426	14.635814	47.0	0.0	0.4028876	0.3383333	0.80265653	0.0	0.013906328	0.021255368	0.082415015	-0.02346828	12000	-0.017873216	0.13429013	-0.001619637	-0.0019555688	1.7873291	-0.00013486623	0.0	4.0	278.6255865097046	39
12	0.43337414	0.33112717	0.82470816	0.0	3.8295965	21.674107	14.302099	47.0	0.0	0.34718513	0.34317216	0.82470816	0.0	0.02287836	0.023026746	0.10405247	-0.01331988	13000	-0.01787067	0.11342923	-0.0015829857	-0.0016210377	1.7870685	0.00014310979	0.0	4.0	299.92155861854553	47
13	0.45095372	0.33069754	0.8145795	0.0	3.8552036	22.806307	14.432613	47.0	0.0	0.3730415	0.34685862	0.8145795	0.0	0.03000317	0.024862679	0.104302354	-0.013251303	14000	-0.017868714	0.12033021	-0.0014981944	-0.0017449856	1.7868747	7.506561e-05	0.0	4.0	321.46225333213806	46
14	0.48326233	0.32113987	0.8003379	0.0	3.5338984	24.097046	14.561781	47.0	0.0	0.39654794	0.34565994	0.8003379	0.0	0.035660423	0.026108172	0.10444959	-0.0048200293	15000	-0.017867217	0.12701878	-0.0017139353	-0.0018208474	1.7867265	-0.00014342641	0.0	4.0	343.6546964645386	45
15	0.4599402	0.31988466	0.7820341	0.0	3.6493506	22.974026	14.182156	47.0	0.0	0.37580207	0.33915427	0.7820341	0.0	0.04222079	0.027305594	0.11433394	-0.0020922495	16000	-0.017864004	0.11547018	-0.0016589519	-0.0017036945	1.7863955	-7.609177e-05	0.0	4.0	365.3781068325043	46
16	0.5011196	0.31177586	0.7979453	0.0	3.493671	22.312237	14.094751	47.0	0.0	0.42151928	0.34000054	0.7979453	0.0	0.04951873	0.029068971	0.13149849	0.0061446633	17000	-0.017861562	0.12926927	-0.001718713	-0.0019664168	1.7861612	-0.00015183115	0.0	4.0	386.801899433136	46
17	0.44160455	0.33115765	0.83138853	0.0	3.7368422	24.179039	14.165839	47.0	0.0	0.3518592	0.34533194	0.83138853	0.0	0.057358835	0.03148335	0.15000921	0.009405635	18000	-0.017857544	0.10556221	-0.0017822497	-0.0015177801	1.7857574	0.00017000198	0.0	4.0	407.3366222381592	48
18	0.48455557	0.32279	0.82298565	0.0	3.655022	24.13913	14.010176	47.0	0.0	0.40352502	0.3445009	0.82298565	0.0	0.06484511	0.03261562	0.14952682	0.015134022	19000	-0.017854085	0.11913987	-0.0018645804	-0.0017809942	1.7853988	-3.9987088e-05	0.0	4.0	431.7574269771576	41
19	0.46464083	0.32728696	0.79649997	0.0	3.767857	22.991112	14.224857	47.0	0.0	0.38508084	0.34579334	0.79649997	0.0	0.070985004	0.03378663	0.16594407	0.022362938	20000	-0.017849205	0.11209146	-0.0018911194	-0.0016663894	1.7849269	0.00013669825	0.0	4.0	454.4436500072479	44
