Epoch	AverageEpRet	StdEpRet	MaxEpRet	MinEpRet	EpLen	AverageAct	StdAct	MaxAct	MinAct	AverageRetBuf	StdRetBuf	MaxRetBuf	MinRetBuf	AverageVVals	StdVVals	MaxVVals	MinVVals	TotalEnvInteracts	LossPi	LossV	DeltaLossPi	DeltaLossV	Entropy	KL	ClipFrac	StopIter	Time	FPS
0	0.03220578	0.13572386	0.45070022	-0.19021274	5.111111	18.666666	11.3655	34.0	0.0	0.019165277	0.11639873	0.45070022	-0.19021274	-0.059972014	0.015346109	-0.011077622	-0.09107886	100	-0.02816166	0.00989394	-0.002514694	-0.0003949681	2.8161685	0.0002918816	0.0	4.0	0.2521646022796631	396
1	0.07751196	0.15659225	0.54016227	0.0	5.3125	16.3	9.43981	37.0	0.0	0.060021065	0.14864075	0.54016227	-0.07540916	-0.053046893	0.013564606	-0.016159687	-0.08902408	200	-0.028166287	0.017916078	-0.0018008761	-0.0005805784	2.8166323	3.0021678e-05	0.0	4.0	0.4845144748687744	434
2	0.086934924	0.18513437	0.61627716	0.0	5.0	19.190475	12.085485	37.0	2.0	0.03882874	0.14211364	0.61627716	-0.08652195	-0.047839403	0.012956589	-0.0067700236	-0.07931279	300	-0.028160721	0.013780385	-0.0018300265	-0.0004178168	2.816073	3.3102035e-05	0.0	4.0	0.7396368980407715	395
3	0.07677646	0.16807629	0.65278864	0.0	4.9375	17.3	10.738249	35.0	1.0	0.05677456	0.16464852	0.65278864	-0.05190688	-0.04268837	0.0121278055	-0.009717187	-0.066639595	400	-0.028167255	0.018504735	-0.0016825087	-0.00050724327	2.8167214	-0.0001321125	0.0	4.0	1.0186247825622559	360
4	0.122603245	0.2326589	0.63777924	0.0	4.888889	18.454546	12.006541	37.0	0.0	0.09017982	0.2129572	0.63777924	-0.042301454	-0.03735155	0.012287132	-0.010245366	-0.06612515	500	-0.028154403	0.030467082	-0.001588298	-0.0006496738	2.815438	-6.834506e-05	0.0	4.0	1.2759501934051514	391
5	0.038210493	0.1411272	0.6186593	0.0	4.888889	18.714285	10.198706	36.0	0.0	0.020119047	0.10562227	0.6186593	-0.03258392	-0.029566715	0.01468072	0.00074199773	-0.05916521	600	-0.0281597	0.0068923044	-0.0010288879	-0.00021138176	2.8159714	-0.00012531757	0.0	4.0	1.5528068542480469	363
6	0.03104054	0.12705998	0.5699382	0.0	4.4736843	21.652174	10.821111	36.0	0.0	0.017264046	0.097311445	0.5699382	-0.019246858	-0.021675853	0.015327954	0.022940645	-0.053838946	700	-0.028147787	0.005806811	-0.0007888004	-0.0001301616	2.81478	9.601592e-05	0.0	4.0	1.8356878757476807	358
7	0.057895295	0.12869397	0.4137399	0.0	5.1764708	19.714285	11.195845	37.0	0.0	0.035664156	0.105910644	0.4137399	-0.0419773	-0.019823277	0.01697869	0.030237185	-0.05842952	800	-0.028159365	0.007107179	-0.001317774	-0.00017419232	2.8159373	6.4535125e-05	0.0	4.0	2.10331130027771	379
8	0.011515215	0.02421242	0.07723118	0.0	4.882353	22.047619	11.672009	36.0	2.0	0.005326577	0.023176977	0.07723118	-0.026835803	-0.013004401	0.01571555	0.02962609	-0.041673284	900	-0.02815929	0.00056778395	-0.0012650602	-4.4011762e-05	2.8159184	1.504421e-05	0.0	4.0	2.361586332321167	390
9	0.04057554	0.10226656	0.3252284	0.0	5.625	18.25	11.264435	37.0	1.0	0.03276787	0.09283644	0.3252284	-0.0105153825	-0.009940138	0.014912653	0.035062138	-0.030835757	1000	-0.028164838	0.0056597656	-0.0011591613	-0.00010640666	2.8164837	0.00022397995	0.0	4.0	2.639908790588379	362
10	0.04493419	0.120059684	0.4359735	0.0	5.4375	23.15	10.086005	37.0	2.0	0.028650166	0.09626295	0.4359735	-0.025134563	-0.006512389	0.016714687	0.041290063	-0.03094808	1100	-0.028164536	0.0055096163	-0.0013618581	-8.430415e-05	2.8164473	0.00032615184	0.0	4.0	2.937673807144165	339
11	0.011214528	0.024431596	0.083215155	0.0	4.8333335	15.857142	11.646728	37.0	2.0	0.0058099106	0.018241324	0.083215155	-0.01783279	-0.004262197	0.017704783	0.044737577	-0.030340202	1200	-0.028157815	0.00040141304	-0.0013410188	-1.5521167e-05	2.815779	6.762028e-05	0.0	4.0	3.1863884925842285	405
12	0.016701456	0.05592243	0.23231477	0.0	5.25	22.15	10.292109	37.0	2.0	0.009966805	0.045683626	0.23231477	-0.010261689	-0.0017087674	0.01790528	0.04125707	-0.0353086	1300	-0.028163262	0.0012005635	-0.00091610476	-1.3823235e-05	2.8163264	0.00021927834	0.0	4.0	3.4376866817474365	401
13	0.06265803	0.12705432	0.44628933	0.0	4.9411764	13.904762	8.170241	32.0	0.0	0.05462977	0.12540999	0.44628933	-0.023195969	-0.0017089866	0.01726104	0.058412556	-0.029684793	1400	-0.02815707	0.009632721	-0.0010774471	-0.00011427367	2.8157082	-0.00011404992	0.0	4.0	3.751431941986084	320
14	0.1063522	0.21521729	0.67117137	0.0	4.888889	21.428572	11.474906	37.0	1.0	0.05717129	0.17477772	0.67117137	-0.016577661	0.0037385598	0.01864669	0.057719287	-0.022460962	1500	-0.02815513	0.01748522	-0.0011805147	-0.0001325027	2.8155146	0.00014548303	0.0	4.0	4.001107454299927	403
15	0.049118385	0.119504645	0.43311957	0.0	5.6875	20.45	12.698327	36.0	0.0	0.04212464	0.11099232	0.43311957	-0.022046821	0.006427815	0.016297065	0.046553954	-0.022046821	1600	-0.028161004	0.006864447	-0.0012401827	-9.944525e-05	2.8160994	0.00012169361	0.0	4.0	4.255463123321533	396
16	0.101447225	0.16851811	0.47272965	0.0	4.8333335	14.666667	12.072532	34.0	0.0	0.07863962	0.1507269	0.47272965	-0.007963534	0.0071019507	0.01836633	0.05437911	-0.027101068	1700	-0.028154228	0.013735032	-0.001360707	-0.00023931055	2.8154254	-0.0001428604	0.0	4.0	4.540314435958862	353
17	0.01124166	0.024873752	0.08303275	0.0	5.117647	22.4	11.429786	37.0	6.0	0.009329677	0.021362338	0.08303275	0.0	0.016209304	0.020323295	0.072657324	-0.0131231	1800	-0.028159019	0.000592962	-0.0012113787	3.5683857e-05	2.8159008	4.6401023e-05	0.0	4.0	4.7915565967559814	401
18	0.06394377	0.1293013	0.40790898	0.0	4.882353	18.238094	10.05653	37.0	2.0	0.051610805	0.11543208	0.40790898	0.0	0.01788416	0.019658506	0.07377145	-0.012204942	1900	-0.028153386	0.0076147895	-0.001312098	-6.316116e-05	2.8153398	6.3657862e-06	0.0	4.0	5.121505975723267	304
19	0.051599428	0.11716463	0.40407452	0.0	4.6666665	17.545454	11.142577	36.0	1.0	0.04896828	0.11634377	0.40407452	0.0	0.018717078	0.019209113	0.076085985	-0.013182452	2000	-0.028146368	0.007061308	-0.0012758933	-6.283557e-05	2.8146367	-3.8266167e-05	0.0	4.0	5.469245195388794	290
20	0.12510699	0.19480172	0.62528676	0.0	5.0	20.52381	12.97844	37.0	0.0	0.10114404	0.18289231	0.62528676	0.0	0.020794744	0.019487524	0.07422021	-0.0067174016	2100	-0.028152063	0.020450551	-0.0014359206	-0.00025251892	2.8152113	0.00013324262	0.0	4.0	5.785341501235962	318
21	0.0852759	0.18930167	0.68855447	0.0	4.7058825	19.190475	10.996186	37.0	2.0	0.0655449	0.16604151	0.68855447	0.0	0.028089117	0.020368531	0.08806276	-0.007978544	2200	-0.028149428	0.014768258	-0.0012433897	-0.00011282171	2.8149424	0.0003099537	0.0	4.0	6.0869364738464355	335
22	0.08436719	0.14456269	0.3903124	0.0	4.9411764	12.761905	10.8052225	34.0	1.0	0.06776546	0.13151357	0.3903124	0.0	0.031965714	0.020502996	0.09589259	0.0047693383	2300	-0.028150037	0.009510621	-0.0014156289	-0.00011117855	2.8150032	0.000104079256	0.0	4.0	6.378693103790283	345
23	0.09402563	0.16211173	0.43002835	-0.1528518	4.6666665	17.1	9.507365	37.0	1.0	0.069091946	0.14748374	0.43002835	-0.1528518	0.036763623	0.022800863	0.09617245	0.0040556765	2400	-0.02815317	0.011911072	-0.0013140384	-7.955497e-05	2.8153145	6.8540576e-05	0.0	4.0	6.688060283660889	325
24	0.032692663	0.13826858	0.56665146	-0.043568846	5.5	18.2	11.020889	33.0	0.0	0.03181438	0.12434216	0.56665146	-0.043568846	0.04337037	0.022050695	0.08417665	0.010564918	2500	-0.02815105	0.008207625	-0.001281336	2.9721763e-05	2.815109	0.00019011021	0.0	4.0	6.955065011978149	377
25	0.07482036	0.16640568	0.6471483	0.0	4.8333335	14.238095	8.377435	31.0	4.0	0.052363817	0.14068343	0.6471483	0.0	0.043262884	0.02400781	0.10386253	0.012135379	2600	-0.028145086	0.010009255	-0.001296706	-1.2460921e-05	2.8145094	-5.619049e-05	0.0	4.0	7.213227987289429	391
26	0.10900526	0.21586546	0.7014782	0.0	5.25	20.8	11.3163595	37.0	0.0	0.100844935	0.20314871	0.7014782	0.0	0.042549714	0.02068614	0.0873667	0.011700434	2700	-0.02815032	0.022054559	-0.0013576392	-0.00013147827	2.815028	-0.000109453205	0.0	4.0	7.517909526824951	330
27	0.075953275	0.1818625	0.6494294	-0.07274719	4.9444447	18.454546	11.915335	36.0	0.0	0.06525899	0.17884563	0.6494294	-0.07274719	0.044001386	0.022631295	0.10387494	0.015012424	2800	-0.028137282	0.01650048	-0.0011923686	-4.9240305e-05	2.813728	5.8469777e-05	0.0	4.0	7.792785167694092	366
28	0.05854898	0.15382963	0.5921187	0.0	5.0	17.181818	10.555637	36.0	0.0	0.03869873	0.12094807	0.5921187	0.0	0.047960453	0.024944834	0.11544632	0.017246166	2900	-0.028137214	0.0077925622	-0.0012265071	1.3339479e-05	2.813724	0.00032885073	0.0	4.0	8.06375765800476	372
29	0.088104226	0.15113181	0.57912314	0.0	4.388889	13.0	9.91326	35.0	1.0	0.061019503	0.12491984	0.57912314	0.0	0.051689077	0.024569768	0.11554318	0.018451495	3000	-0.02813498	0.008438966	-0.0012936299	-8.56581e-06	2.813499	-4.2009415e-06	0.0	4.0	8.356480121612549	344
30	0.0005323392	0.0021293568	0.009049767	0.0	5.529412	19.52381	10.54071	34.0	0.0	0.0025073166	0.010936786	0.06720376	0.0	0.048448443	0.021304179	0.10771574	0.018471308	3100	-0.02814005	0.0014040011	-0.0009883991	-4.1824183e-05	2.8140118	0.00035685062	0.0	4.0	8.604370594024658	407
31	0.11149486	0.15636314	0.45930555	0.0	4.7222223	17.90909	10.492027	35.0	3.0	0.08952063	0.1442129	0.45930555	0.0	0.04901159	0.023679916	0.10265323	0.009976838	3200	-0.02813378	0.012191549	-0.0013087313	3.8289e-06	2.8133745	0.0001727438	0.0	4.0	8.88692045211792	356
32	0.078773394	0.16565129	0.5257079	0.0	5.3125	19.85	8.995972	33.0	6.0	0.06427386	0.14105538	0.5257079	0.0	0.05294414	0.025444293	0.12174998	0.018189097	3300	-0.028142847	0.010444162	-0.0016382057	-1.337126e-05	2.8142793	9.5334064e-05	0.0	4.0	9.22434139251709	298
33	0.047589254	0.105158895	0.40867087	0.0	4.7894735	16.181818	9.212819	31.0	2.0	0.025960227	0.073650695	0.40867087	0.0	0.05289704	0.024371147	0.10133431	0.01873826	3400	-0.028128337	0.0038398171	-0.0014145151	-2.4514797e-05	2.8128357	8.758069e-05	0.0	4.0	9.490917444229126	377
34	0.058812298	0.104630716	0.33615533	0.0	4.5789475	20.190475	12.277036	37.0	1.0	0.04366211	0.089775436	0.33615533	0.0	0.05115836	0.023294946	0.105575636	0.016893944	3500	-0.028133314	0.0048687076	-0.0015151426	-2.561792e-05	2.8133314	1.6059872e-05	0.0	4.0	9.797401428222656	328
35	0.08615711	0.18193857	0.54988694	0.0	5.1764708	16.8	11.034492	36.0	5.0	0.08649769	0.18024126	0.54988694	0.0	0.04687256	0.022298874	0.10332574	0.010210159	3600	-0.028138213	0.017184652	-0.0016007917	-3.1562522e-05	2.8138237	-0.00016145705	0.0	4.0	10.089828491210938	344
36	0.02490037	0.07921812	0.34783512	0.0	4.611111	21.190475	10.140062	36.0	2.0	0.03021925	0.07869057	0.34783512	0.0	0.049855746	0.024395112	0.11745748	0.017771916	3700	-0.028129496	0.0036841703	-0.001196513	4.0739542e-07	2.8129444	0.00025499344	0.0	4.0	10.377446174621582	350
37	0.08478695	0.12162722	0.35569224	0.0	3.6666667	15.6	10.855413	37.0	1.0	0.07180869	0.114009075	0.35569224	0.0	0.047170185	0.022292774	0.09615535	0.017896669	3800	-0.028103456	0.007162976	-0.0014875806	-1.10002875e-05	2.8103476	-0.00031707765	0.0	4.0	10.721937894821167	291
38	0.060755644	0.12966336	0.4264748	0.0	5.4375	20.85	11.114293	36.0	2.0	0.052742608	0.11845863	0.4264748	0.0	0.046832964	0.02264267	0.09177476	0.010183273	3900	-0.028130613	0.0069614006	-0.0012447163	-3.7391728e-06	2.8130565	0.00041321752	0.0	4.0	10.993789672851562	370
39	0.11418606	0.18861331	0.57937044	0.0	4.4210525	19.086956	10.107738	34.0	3.0	0.09471474	0.17443804	0.57937044	0.0	0.048616067	0.023155337	0.09726269	0.018241342	4000	-0.028110236	0.016701508	-0.0014118068	-6.868917e-05	2.8110175	-0.00017907619	0.0	4.0	11.32148003578186	308
40	0.081771836	0.14788419	0.51897657	0.0	4.5	21.545454	11.052467	37.0	0.0	0.06762103	0.13965212	0.51897657	0.0	0.053039744	0.025635965	0.10537726	0.019329818	4100	-0.028113082	0.010646852	-0.0014853757	-2.3449771e-05	2.8113093	-9.207726e-05	0.0	4.0	11.621878385543823	337
41	0.00039170845	0.0015668338	0.0066590435	0.0	5.2941175	23.428572	10.172659	35.0	4.0	0.005263376	0.018149715	0.07869485	0.0	0.05787429	0.026305525	0.10937665	0.021971716	4200	-0.02811503	0.001998168	-0.0010454175	-1.9477302e-05	2.8115063	0.0006318378	0.0	4.0	11.924838781356812	332
42	0.0948308	0.15469396	0.44196284	0.0	4.882353	16.952381	10.48571	33.0	1.0	0.0845234	0.14305568	0.44196284	0.0	0.054561626	0.023208138	0.113193244	0.021588322	4300	-0.028113686	0.011197192	-0.0014504595	5.397713e-06	2.81137	-4.6544075e-05	0.0	4.0	12.229686498641968	330
43	0.06446415	0.1629037	0.59467936	0.0	5.2941175	21.85	12.178978	35.0	0.0	0.053820204	0.14556319	0.59467936	0.0	0.05536265	0.026734205	0.120807454	0.019206995	4400	-0.028115869	0.011573045	-0.001254458	-1.2121105e-05	2.8115897	0.00041028496	0.0	4.0	12.518354415893555	348
44	0.10075278	0.16590804	0.4730604	0.0	4.5789475	14.0	8.371796	34.0	0.0	0.06410658	0.1380103	0.4730604	0.0	0.05036245	0.023239098	0.10461564	0.013931017	4500	-0.028099805	0.010639731	-0.0018082932	-1.4960999e-05	2.8099837	9.7169876e-05	0.0	4.0	12.843529224395752	309
45	0.069948666	0.16020256	0.60964394	0.0	5.1764708	21.190475	12.519011	37.0	0.0	0.05745528	0.13859418	0.60964394	0.0	0.054731976	0.025369326	0.10932334	0.016419845	4600	-0.028107136	0.010248348	-0.0012683496	-1.1247757e-05	2.8107133	0.0001903963	0.0	4.0	13.12921142578125	352
46	0.07677498	0.16283569	0.5811572	0.0	4.4736843	21.869566	8.83818	35.0	3.0	0.05647574	0.13523173	0.5811572	0.0	0.0534561	0.024682866	0.10856556	0.014449445	4700	-0.028094366	0.009588764	-0.0013428181	-8.187082e-06	2.8094356	-0.00014574052	0.0	4.0	13.4347083568573	329
47	0.13001974	0.16106081	0.50983053	0.0	3.9	19.0	9.495613	37.0	3.0	0.102378584	0.14548263	0.50983053	0.0	0.046972614	0.019935174	0.0964724	0.01691108	4800	-0.028091833	0.012513464	-0.001872737	-6.717967e-05	2.8091831	-0.00031024456	0.0	4.0	13.782292127609253	289
48	0.06921453	0.15076552	0.6002442	0.0	4.4444447	17.454546	9.985113	36.0	0.0	0.07714788	0.15504536	0.6002442	0.0	0.051376075	0.021801699	0.109542444	0.023153698	4900	-0.028095037	0.012686454	-0.0015518516	-7.957494e-05	2.8095055	-0.00035641194	0.0	4.0	14.070772409439087	349
49	0.112870954	0.16465847	0.54070395	0.0	4.5263157	16.952381	10.899875	37.0	2.0	0.10327931	0.16741207	0.54070395	0.0	0.06309503	0.025687618	0.11447847	0.02505081	5000	-0.028095204	0.015606205	-0.0016897023	-0.00011794394	2.8095224	-4.9529077e-05	0.0	4.0	14.360488414764404	347
50	0.12121056	0.22646165	0.69094414	0.0	4.647059	20.904762	9.561355	37.0	0.0	0.08204746	0.18233742	0.69094414	0.0	0.06107895	0.023417823	0.10486193	0.020667126	5100	-0.028095426	0.017877746	-0.0017595133	-4.213612e-05	2.8095417	-4.023554e-05	0.0	4.0	14.63494062423706	367
51	0.08551395	0.13643037	0.39064556	0.0	3.85	19.875	10.662679	34.0	1.0	0.076562524	0.12353895	0.39064556	0.0	0.06361261	0.023220036	0.11417355	0.030867623	5200	-0.02807556	0.008462853	-0.001517145	-1.42044155e-05	2.8075564	-0.00019673824	0.0	4.0	14.951394081115723	317
52	0.12562297	0.18682626	0.6549438	0.0	3.5238094	18.0	10.453708	36.0	1.0	0.1198556	0.18427204	0.6549438	0.0	0.0649007	0.0263645	0.13061127	0.03279449	5300	-0.028068706	0.01872075	-0.0014456958	-0.000149876	2.8068771	-0.00041429518	0.0	4.0	15.323414087295532	270
53	0.06323013	0.13346276	0.47212324	0.0	5.111111	14.190476	12.140523	36.0	0.0	0.048642192	0.11398719	0.47212324	0.0	0.0696666	0.025457116	0.13718504	0.031073196	5400	-0.028082922	0.0074505876	-0.0018036785	5.3935335e-05	2.8082914	7.6165205e-05	0.0	4.0	15.569122791290283	410
54	0.10160735	0.15629356	0.49776402	0.0	5.117647	16.238094	11.847864	37.0	1.0	0.08378029	0.14577757	0.49776402	0.0	0.074852444	0.026917286	0.13204952	0.037122346	5500	-0.028077785	0.010906023	-0.0023793178	-1.4292658e-05	2.8077796	-2.2521024e-05	0.0	4.0	15.829067945480347	387
55	0.094104365	0.17231472	0.5853503	0.0	4.631579	20.454546	11.179232	37.0	3.0	0.0855886	0.17017815	0.5853503	0.0	0.0739319	0.02599481	0.1346436	0.037761655	5600	-0.028072111	0.014490195	-0.0020037242	-1.5667465e-05	2.8072143	-3.3669465e-05	0.0	4.0	16.116042852401733	350
56	0.11492027	0.14906399	0.35970336	-0.089174286	3.85	16.041666	11.505359	37.0	0.0	0.112718366	0.14474985	0.35970336	-0.089174286	0.07164246	0.024872316	0.13454163	0.036023427	5700	-0.0280599	0.011107452	-0.0013676584	-7.4016745e-05	2.8059835	-0.00045849325	0.0	4.0	16.4384708404541	311
57	0.12065584	0.18643808	0.67059284	0.0	3.8095238	19.0	12.572987	37.0	0.0	0.115286075	0.19023594	0.67059284	0.0	0.07510306	0.02582435	0.12737288	0.040144894	5800	-0.028047353	0.019564433	-0.0016972125	-0.00011691032	2.8047328	-0.0006376266	0.0	4.0	16.778269290924072	296
58	0.10330799	0.1797459	0.5708838	0.0	4.9375	20.75	11.793536	37.0	0.0	0.10345688	0.17008364	0.5708838	0.0	0.08534349	0.027942434	0.13893548	0.040673163	5900	-0.028061576	0.014915071	-0.0018751333	-5.4821954e-05	2.8061566	0.00057194236	0.0	4.0	17.042102336883545	381
59	0.10660784	0.1606508	0.51527935	0.0	4.263158	19.043478	9.927907	35.0	2.0	0.09552265	0.15217754	0.51527935	0.0	0.08997175	0.03263055	0.16219288	0.045461405	6000	-0.028041355	0.011848809	-0.0017365813	-3.8067228e-06	2.8041346	-0.00012402533	0.0	4.0	17.36419439315796	312
60	0.110712044	0.18124062	0.5337113	0.0	5.1764708	17.65	11.611524	36.0	1.0	0.09116985	0.16200694	0.5337113	0.0	0.08968668	0.028241668	0.14377177	0.04426572	6100	-0.028056636	0.013982805	-0.0020332113	5.295733e-07	2.8056622	6.164552e-05	0.0	4.0	17.68276810646057	315
61	0.10649814	0.19068028	0.64981616	0.0	4.888889	15.818182	11.846121	35.0	0.0	0.09144551	0.17457001	0.64981616	0.0	0.092876256	0.028904915	0.15541738	0.048185486	6200	-0.028032653	0.015856968	-0.0025992729	-2.0658481e-05	2.8032665	0.00030059338	0.0	4.0	18.019232034683228	299
62	0.021148186	0.08020342	0.33171225	0.0	5.6875	16.6	10.767544	36.0	0.0	0.027744267	0.08183962	0.33171225	0.0	0.09460991	0.029787451	0.15497112	0.048465893	6300	-0.02803187	0.006143423	-0.0016845586	-0.00021202484	2.8031797	0.0010681916	0.0	4.0	18.245251655578613	446
63	0.05607032	0.15937476	0.6133206	0.0	5.125	17.7	11.118004	33.0	2.0	0.06386826	0.15336391	0.6133206	0.0	0.090613134	0.029341437	0.1486105	0.046200085	6400	-0.02802866	0.012443587	-0.0013125674	-0.00016532815	2.8028684	0.00046007635	0.0	4.0	18.471319675445557	446
64	0.11495654	0.18007185	0.57492095	0.0	5.117647	18.571428	9.717787	35.0	4.0	0.10659294	0.16616839	0.57492095	0.0	0.08275833	0.027015103	0.13973328	0.042613875	6500	-0.02801659	0.014656994	-0.0019862726	3.128883e-05	2.8016627	-1.0018339e-05	0.0	4.0	18.797626733779907	308
65	0.16204096	0.24568127	0.6963702	0.0	4.611111	19.333334	11.82545	37.0	3.0	0.13564049	0.23047812	0.6963702	0.0	0.078298576	0.026818128	0.12833798	0.040569738	6600	-0.028018527	0.028577872	-0.0017465223	-4.812167e-05	2.801852	-0.00039950848	0.0	4.0	19.116029500961304	316
66	0.09416169	0.18647622	0.6400222	0.0	4.9411764	19.809525	11.168063	37.0	1.0	0.07249356	0.15781355	0.6400222	0.0	0.08033605	0.026581673	0.13590766	0.04093405	6700	-0.028008506	0.013041956	-0.00214592	4.605681e-06	2.8008513	0.00062833785	0.0	4.0	19.390538930892944	367
67	0.10515838	0.1630006	0.48088747	0.0	4.3333335	16.318182	10.788826	34.0	0.0	0.09746467	0.15416701	0.48088747	0.0	0.077048495	0.02531673	0.13311191	0.042396013	6800	-0.028001308	0.012783643	-0.0017018244	-1.9371859e-05	2.80013	-0.00030692577	0.0	4.0	19.72628355026245	299
68	0.069562554	0.17436352	0.7111443	0.0	4.8333335	17.142857	9.972752	36.0	0.0	0.06124012	0.16378997	0.7111443	0.0	0.079908	0.026253704	0.14187029	0.042598452	6900	-0.027989224	0.014197854	-0.0024096984	-1.3081764e-05	2.7989202	0.00051434524	0.0	4.0	20.116089582443237	257
69	0.1220994	0.16387601	0.46827376	0.0	4.263158	18.73913	12.535921	37.0	0.0	0.10950995	0.15834649	0.46827376	0.0	0.079898015	0.027741957	0.13822292	0.04322987	7000	-0.02798058	0.0136074945	-0.0019169226	-1.4577468e-05	2.7980568	-0.00044792652	0.0	4.0	20.483574628829956	273
70	0.08616538	0.18773785	0.7167008	0.0	4.882353	22.3	9.25797	36.0	6.0	0.074469745	0.16075061	0.7167008	0.0	0.08357454	0.026068266	0.13235849	0.043588832	7100	-0.027981222	0.013606714	-0.0017381744	-1.6604667e-05	2.7981246	3.4503944e-05	0.0	4.0	20.76623296737671	356
71	0.14974579	0.22409226	0.8362091	0.0	4.0	17.0	11.595453	37.0	1.0	0.15866221	0.2302289	0.8362091	0.0	0.082047366	0.02839375	0.14620551	0.043699265	7200	-0.027964205	0.029288672	-0.0021861233	-0.00019769906	2.7964199	-0.00061561586	0.0	4.0	21.134535312652588	273
72	0.0921322	0.17871623	0.59146696	0.0	4.4736843	25.09091	11.361455	37.0	0.0	0.07743298	0.16350786	0.59146696	0.0	0.085000016	0.027556429	0.14120702	0.04603802	7300	-0.02795571	0.013497614	-0.0026652152	4.9046765e-05	2.7955744	0.00049302576	0.0	4.0	21.40752673149109	369
73	0.084193476	0.17086777	0.6703092	0.0	4.2	16.958334	10.895256	37.0	0.0	0.06889572	0.15408328	0.6703092	0.0	0.08807817	0.029132243	0.14866115	0.048392057	7400	-0.027944587	0.012794912	-0.0019235797	4.143105e-06	2.794458	-1.4958408e-05	0.0	4.0	21.733930587768555	310
74	0.03846323	0.103109464	0.4264417	0.0	4.9444447	18.142857	9.35687	35.0	3.0	0.034750596	0.091517456	0.4264417	0.0	0.089787886	0.030008262	0.15418732	0.04859748	7500	-0.027921617	0.006511364	-0.0023091882	-0.00021753751	2.7921643	0.00089108467	0.0	4.0	22.13176155090332	252
75	0.13539886	0.18242307	0.5644063	0.0	3.9545455	15.913043	9.668024	35.0	0.0	0.09894954	0.169636	0.5644063	0.0	0.085149825	0.02844802	0.13782655	0.046147116	7600	-0.027919464	0.015327927	-0.0030167792	-2.5640009e-05	2.7919443	-0.00012544157	0.0	4.0	22.467763423919678	299
76	0.037344433	0.07814121	0.26946926	0.0	4.7058825	17.142857	11.226184	37.0	1.0	0.04275226	0.07569148	0.26946926	0.0	0.079243466	0.02463463	0.13522068	0.043773644	7700	-0.027906567	0.0039811325	-0.0018469896	-0.00017868058	2.7906587	0.00012164118	0.0	4.0	22.78875708580017	314
77	0.09691265	0.15568684	0.44988847	0.0	4.05	16.083334	10.653313	33.0	0.0	0.08149618	0.13982482	0.44988847	0.0	0.07422949	0.026171336	0.14009704	0.036766585	7800	-0.027879704	0.010162595	-0.0025693811	-2.6095426e-05	2.7879696	6.651855e-06	0.0	4.0	23.11942768096924	306
78	0.1116092	0.19008729	0.5812758	0.0	4.15	22.565218	8.696957	35.0	3.0	0.09764875	0.18108177	0.5812758	0.0	0.06852498	0.023517584	0.120984524	0.035912078	7900	-0.027866121	0.017261937	-0.0034025572	-6.132701e-06	2.7866125	0.0006334686	0.0	4.0	23.410447359085083	346
79	0.12958238	0.17263393	0.4842301	0.0	4.368421	17.863636	12.596159	37.0	0.0	0.10323313	0.1571146	0.4842301	0.0	0.07131959	0.02689257	0.13621606	0.037601437	8000	-0.027848393	0.013808612	-0.003531482	-2.8048933e-05	2.7848394	0.0001385546	0.0	4.0	23.724870681762695	320
80	0.18585315	0.20940149	0.64658606	0.0	4.352941	12.047619	9.489223	29.0	0.0	0.16790618	0.2009611	0.64658606	0.0	0.06855688	0.023509698	0.1376433	0.02878577	8100	-0.02783446	0.02464981	-0.003111451	-0.0005184049	2.7834437	-0.0007130146	0.0	4.0	24.037289142608643	322
81	0.17587002	0.19066693	0.56669825	0.0	4.1	12.571428	9.337949	30.0	1.0	0.15602028	0.18934809	0.56669825	0.0	0.07965356	0.027588746	0.14442408	0.04248296	8200	-0.027804315	0.021498896	-0.0038822442	-0.00053389766	2.7804325	-0.0001474666	0.0	4.0	24.45521831512451	240
82	0.08606453	0.1600758	0.6094111	0.0	4.7894735	19.047619	10.394486	37.0	1.0	0.07438303	0.16144547	0.6094111	0.0	0.088392355	0.028356537	0.14320575	0.04716156	8300	-0.027782599	0.014132622	-0.003980078	0.00018731115	2.7782602	0.0013752794	0.0	4.0	24.73391580581665	362
83	0.18690869	0.19267051	0.51033115	0.0	4.1	16.545454	9.552379	36.0	1.0	0.16325177	0.19311099	0.51033115	0.0	0.09769227	0.030263782	0.1594604	0.05437933	8400	-0.02775409	0.021290595	-0.0047837617	-0.00027976464	2.7754073	-0.00011322973	0.0	4.0	25.066327571868896	302
84	0.08080581	0.15091376	0.5084207	0.0	4.6666665	15.181818	10.722264	36.0	0.0	0.073142916	0.13947102	0.5084207	0.0	0.10662917	0.033270564	0.17455974	0.058340557	8500	-0.027694717	0.011144266	-0.0045546517	0.0001522	2.7694764	0.0022780942	0.0	4.0	25.45494270324707	258
85	0.17686081	0.18999203	0.63126826	0.0	4.5555553	22.5	10.15225	37.0	3.0	0.16166991	0.1847439	0.63126826	0.0	0.104339674	0.030798528	0.17206767	0.05944222	8600	-0.027677342	0.019095894	-0.0041156486	-0.000120443874	2.7677321	-0.00020780088	0.0	4.0	25.822848081588745	273
86	0.082476154	0.16270304	0.50137174	0.0	4.888889	22.7	11.857909	37.0	1.0	0.07382074	0.15215671	0.50137174	0.0	0.11434101	0.03491177	0.17500271	0.06222824	8700	-0.027639601	0.012949042	-0.0047310675	3.533857e-05	2.7639577	0.002136779	0.0	4.0	26.097737550735474	366
87	0.14996743	0.2163778	0.68932706	0.0	3.4545455	17.92	13.220953	37.0	1.0	0.15085122	0.20921001	0.68932706	0.0	0.10584876	0.0328005	0.18318635	0.06259494	8800	-0.027654812	0.023712445	-0.0034253327	-6.105518e-06	2.76548	-0.0008501339	0.0	4.0	26.473588228225708	267
88	0.19639271	0.25712335	0.6697593	0.0	3.9473684	20.0	10.757661	37.0	1.0	0.19577847	0.25331494	0.6697593	0.0	0.111866884	0.03611061	0.18876971	0.06307909	8900	-0.027559191	0.03601937	-0.004602963	-0.0004079074	2.7559218	-0.000760808	0.0	4.0	26.863021850585938	258
89	0.1017731	0.18380354	0.5617865	0.0	4.2	22.416666	10.610203	37.0	1.0	0.0935459	0.17681216	0.5617865	0.0	0.1169714	0.037441533	0.2048783	0.06686065	9000	-0.0274988	0.016739437	-0.004862682	0.00018388359	2.7498813	0.0012044716	0.0	4.0	27.171889066696167	326
90	0.09002113	0.1460042	0.40939736	0.0	5.1875	16.2	10.735922	37.0	1.0	0.09788355	0.14495015	0.40939736	0.0	0.12559208	0.03840146	0.19382519	0.06930844	9100	-0.027397841	0.01096683	-0.004579615	-5.0988514e-05	2.7397838	0.0015154695	0.0	4.0	27.45497727394104	356
91	0.1785048	0.23121977	0.68399155	0.0	4.4210525	16.681818	9.855253	33.0	1.0	0.16577832	0.23526967	0.68399155	0.0	0.12467739	0.041832633	0.21534571	0.06863718	9200	-0.02735027	0.028329205	-0.0066251773	-9.156298e-06	2.735029	0.0015534686	0.0	4.0	27.76768469810486	321
92	0.14295846	0.17857283	0.52149147	0.0	3.5714285	18.5	10.981045	37.0	1.0	0.13740161	0.17189653	0.52149147	0.0	0.12321349	0.03985893	0.19769633	0.06872738	9300	-0.027322412	0.01593131	-0.005998994	-3.8449652e-06	2.732243	0.0005184603	0.0	4.0	28.09607481956482	306
93	0.12646893	0.18675691	0.5525797	0.0	3.7619047	19.5	11.485498	36.0	0.0	0.10354196	0.16151117	0.5525797	0.0	0.11597498	0.034301214	0.19150999	0.06955287	9400	-0.02731689	0.014514205	-0.0067110173	-6.174552e-05	2.7316875	0.002650938	0.0	4.0	28.383987426757812	349
94	0.16941178	0.21924664	0.75784564	0.0	4.15	19.043478	10.812546	36.0	1.0	0.1550026	0.22390097	0.75784564	0.0	0.1175217	0.03487303	0.18703002	0.069032766	9500	-0.02720394	0.02644217	-0.00548511	-1.5387428e-05	2.7203913	0.00049924856	0.0	4.0	28.755276918411255	270
95	0.17254254	0.20703675	0.5926703	0.0	3.409091	16.461538	10.393159	35.0	0.0	0.15766416	0.20015188	0.5926703	0.0	0.11690845	0.038000856	0.19960202	0.069327205	9600	-0.027165586	0.022686383	-0.005034212	-4.7899783e-05	2.71656	0.0002978086	0.0	4.0	29.119913816452026	275
96	0.11254923	0.17159306	0.5469343	0.0	4.1	20.043478	12.095555	37.0	1.0	0.08760161	0.1495524	0.5469343	0.0	0.125907	0.041086625	0.2115649	0.07118139	9700	-0.026998457	0.013522986	-0.0055482886	-0.000119262026	2.6998463	0.0023920825	0.0	4.0	29.430537462234497	324
97	0.24388911	0.2175182	0.6337839	0.0	2.9130435	16.74074	11.497479	36.0	1.0	0.2286707	0.212339	0.6337839	0.0	0.1155656	0.036412857	0.20170361	0.070535265	9800	-0.02706448	0.030081723	-0.0065070577	-0.00019333325	2.7064476	-0.0012569905	0.0	4.0	29.817246198654175	260
98	0.14167085	0.19191131	0.54370475	0.0	4.368421	18.285715	10.937672	37.0	0.0	0.14416109	0.19101886	0.54370475	0.0	0.124130614	0.036096636	0.19670478	0.07282044	9900	-0.026709381	0.018772107	-0.0059925867	-2.11054e-05	2.670936	0.0027409792	0.0	4.0	30.182629585266113	275
99	0.24274075	0.2187535	0.7091401	0.0	3.173913	17.407408	10.492535	34.0	0.0	0.2590673	0.22288044	0.7091401	0.0	0.12795207	0.041511003	0.22704619	0.07662418	10000	-0.026820924	0.0319858	-0.0034528486	-0.0012447131	2.682099	-0.0014587163	0.0	4.0	30.59009027481079	246
100	0.14757918	0.15378317	0.44352698	0.0	3.3913043	17.958334	11.717078	37.0	1.0	0.14662667	0.15480939	0.44352698	0.0	0.14223884	0.043918002	0.23413895	0.08347455	10100	-0.02664318	0.012574579	-0.0022290256	0.00019000983	2.6643143	-0.0013246678	0.0	4.0	31.030290842056274	228
101	0.25254843	0.24402909	0.6905499	0.0	3.2272727	19.6	9.72831	35.0	1.0	0.26578483	0.23324853	0.6905499	0.0	0.15195103	0.04848943	0.26821244	0.08945585	10200	-0.026714392	0.032974847	-0.0028689133	-0.0010755002	2.6714368	-0.0011061336	0.0	4.0	31.529616832733154	201
102	0.18515034	0.18955888	0.5984282	0.0	3.2083333	19.653847	11.671604	37.0	1.0	0.20166014	0.19925916	0.5984282	0.0	0.17185935	0.059667233	0.28391722	0.09635281	10300	-0.026459105	0.020775162	-0.005156692	-3.413856e-05	2.6459098	0.00047268387	0.0	4.0	31.96870255470276	228
103	0.18166544	0.23187713	0.7380778	0.0	3.2272727	14.730769	10.621305	37.0	1.0	0.19103767	0.23333828	0.7380778	0.0	0.18381502	0.06647534	0.33638918	0.102873325	10400	-0.026429847	0.029310994	-0.005493954	0.0001618308	2.6429822	0.0013732672	0.0	4.0	32.36359763145447	254
104	0.19081031	0.26290813	0.7196689	0.0	3.590909	21.416666	11.324445	36.0	0.0	0.19542475	0.26110372	0.7196689	0.0	0.19055142	0.06374915	0.34804487	0.10633178	10500	-0.026263736	0.03544689	-0.0038050618	-1.930818e-05	2.6263728	0.0006403447	0.0	4.0	32.78904628753662	236
105	0.16130744	0.19419676	0.59363455	-0.072661705	3.6363637	19.0	11.195237	37.0	1.0	0.15188941	0.18753149	0.59363455	-0.072661705	0.19041744	0.06545067	0.32184088	0.107326664	10600	-0.026204817	0.020810084	-0.005603237	-0.0004172651	2.620483	0.0010224247	0.0	4.0	33.177485942840576	258
106	0.15385573	0.17057416	0.641517	0.0	3.2727273	19.73077	9.669769	36.0	2.0	0.15072559	0.16790032	0.641517	0.0	0.18466331	0.064136595	0.34017774	0.10519929	10700	-0.026040927	0.01863471	-0.0047640167	-0.000786065	2.6040902	0.0011575127	0.0	4.0	33.569323778152466	256
107	0.20701016	0.2320299	0.6275574	0.0	3.4545455	19.291666	10.325854	37.0	1.0	0.2146645	0.2330328	0.6275574	0.0	0.17362936	0.05824928	0.30329293	0.10060796	10800	-0.025847709	0.029736886	-0.0036751349	0.00014868588	2.5847702	0.0015833712	0.0	4.0	34.000181674957275	233
108	0.20373176	0.22300164	0.67685664	-0.03976103	3.1304348	20.8	12.617448	37.0	1.0	0.21141213	0.21824023	0.67685664	-0.03976103	0.1591595	0.047467805	0.2821066	0.09792724	10900	-0.025927007	0.024699366	-0.0024100728	-1.6033184e-05	2.592696	-0.0006967926	0.0	4.0	34.418976068496704	240
109	0.25617686	0.21903118	0.71282613	0.0	3.2608695	17.653847	10.766552	35.0	0.0	0.24480858	0.22602323	0.71282613	0.0	0.15994029	0.049022984	0.28079116	0.09871588	11000	-0.025682248	0.030380648	-0.005569311	-0.00034993445	2.568222	0.0011121129	0.0	4.0	34.79526400566101	267
110	0.2083048	0.22080804	0.6620856	0.0	3.0	14.692307	9.71822	30.0	0.0	0.20529757	0.22073065	0.6620856	0.0	0.16654375	0.051840127	0.28866726	0.10264791	11100	-0.025748461	0.02603712	-0.0021416731	-0.00010706787	2.5748448	-0.00025964732	0.0	4.0	35.20664978027344	244
111	0.20386036	0.22809033	0.7121051	0.0	3.0416667	21.035715	11.709222	37.0	0.0	0.226832	0.22351934	0.7121051	0.0	0.17750572	0.059161965	0.32202336	0.10707743	11200	-0.025707092	0.02694447	-0.0029140506	-0.00018608011	2.5707119	0.00012843133	0.0	4.0	35.61143922805786	248
112	0.22159344	0.21645236	0.6375541	0.0	3.409091	18.04	10.622542	37.0	0.0	0.2373332	0.2175405	0.6375541	0.0	0.19107568	0.06338416	0.3233611	0.11129865	11300	-0.025269017	0.025630374	-0.0033990853	-0.00016132649	2.526901	0.001569531	0.0	4.0	36.021397829055786	245
113	0.21915421	0.20526141	0.6908607	0.0	2.88	19.777779	12.013367	37.0	0.0	0.22742318	0.21048628	0.6908607	0.0	0.18702105	0.058524325	0.3292946	0.11556739	11400	-0.02572717	0.023767821	-0.0018251557	-0.00010945788	2.5727181	-0.00037012578	0.0	4.0	36.43071222305298	245
114	0.28576973	0.19079591	0.6570478	0.0	2.9166667	18.785715	12.81282	37.0	0.0	0.31010258	0.18175891	0.6570478	0.0	0.19679254	0.06522381	0.374665	0.119382575	11500	-0.025503695	0.023017332	-0.0019554645	-0.0008881005	2.5503683	0.0003655529	0.0	4.0	36.8600594997406	234
115	0.1537546	0.20242341	0.6428008	0.0	2.5769231	18.689655	10.438997	37.0	1.0	0.18341544	0.19657698	0.6428008	0.0	0.1995778	0.06762096	0.3719036	0.12573364	11600	-0.025824271	0.020636503	-0.0017485954	0.00030500419	2.5824273	0.00016948226	0.0	4.0	37.3244948387146	216
116	0.22420327	0.21957317	0.6769901	0.0	3.0416667	21.115385	10.389813	37.0	3.0	0.23856743	0.21495482	0.6769901	0.0	0.21285267	0.0703795	0.3920076	0.1300206	11700	-0.025617339	0.024020238	-0.002476463	-4.7832495e-05	2.5617385	0.00038436888	0.0	4.0	37.80455660820007	209
117	0.17584236	0.19347967	0.69409674	0.0	2.6923077	18.206896	12.518619	37.0	0.0	0.19706011	0.20804006	0.69409674	0.0	0.20829535	0.0679305	0.36751747	0.1319532	11800	-0.0257411	0.022699503	-0.0020006076	-8.163741e-05	2.5741081	0.00014915943	0.0	4.0	38.29697251319885	204
118	0.25762114	0.20913918	0.7358581	-0.056339607	2.875	18.5	11.812524	37.0	1.0	0.26542133	0.19932738	0.7358581	-0.056339607	0.2129477	0.06849902	0.38922107	0.13216239	11900	-0.025559409	0.022404585	-0.0018062908	-5.810382e-05	2.5559394	-5.7265745e-05	0.0	4.0	38.855326890945435	179
119	0.21664761	0.23776765	0.6694052	0.0	2.6296296	17.766666	10.766253	34.0	1.0	0.2418639	0.24290568	0.6694052	0.0	0.21236229	0.07185653	0.37129232	0.13289693	12000	-0.025551781	0.030555762	-0.0028869538	-6.673671e-05	2.5551782	0.00079311134	0.0	4.0	39.308504581451416	222
120	0.24386202	0.20638087	0.6171688	0.0	3.590909	17.083334	9.169317	36.0	1.0	0.24996589	0.20958008	0.6171688	0.0	0.22851984	0.07156681	0.38580307	0.13440956	12100	-0.024888065	0.024770625	-0.004891797	-5.5117533e-05	2.4888089	0.0023726393	0.0	4.0	39.70687413215637	252
121	0.19928242	0.21773574	0.5981902	-0.14839058	2.72	18.285715	12.2119875	37.0	0.0	0.2215379	0.21606334	0.5981902	-0.14839058	0.21071368	0.06448149	0.38927892	0.13542955	12200	-0.025489595	0.023847818	-0.0029364862	-6.745383e-05	2.5489616	0.0009168505	0.0	4.0	40.15066838264465	226
122	0.29879528	0.1752161	0.6990891	0.0	2.88	19.464285	10.651902	34.0	2.0	0.31006187	0.18048632	0.6990891	0.0	0.21785788	0.06856532	0.38280025	0.13575731	12300	-0.025112644	0.02067738	-0.0034044795	-0.00026848237	2.5112643	-0.0006784535	0.0	4.0	40.5498468875885	251
123	0.26245806	0.20011145	0.6822879	3.330669e-16	2.6153846	16.310345	9.348072	35.0	1.0	0.2736706	0.18612199	0.6822879	3.330669e-16	0.2127169	0.061697315	0.35029277	0.13893105	12400	-0.025570787	0.019405432	-0.0021926085	-0.00030855858	2.5570793	1.6748963e-05	0.0	4.0	40.968361616134644	240
124	0.18145147	0.20001599	0.6630983	0.0	2.6923077	24.133333	10.710535	37.0	0.0	0.23911771	0.20574641	0.6630983	0.0	0.22196472	0.071765944	0.38099262	0.14412428	12500	-0.025143594	0.018851789	-0.002934903	-7.777708e-05	2.5143566	0.00044944763	0.0	4.0	41.39130759239197	237
125	0.19974913	0.21725762	0.6979041	-0.044870883	3.1818182	13.4	10.851728	36.0	0.0	0.22580968	0.20667614	0.6979041	-0.044870883	0.23831278	0.07665701	0.42800102	0.14846186	12600	-0.024920475	0.022963177	-0.0023610853	-1.7625978e-05	2.4920483	-0.00051589013	0.0	4.0	41.799800157547	246
126	0.27408814	0.21357258	0.6953798	0.0	2.75	18.75	11.318837	36.0	0.0	0.29987863	0.20573121	0.6953798	0.0	0.23447628	0.0732793	0.43859267	0.1496506	12700	-0.025546461	0.023361336	-0.0025872225	-8.302368e-05	2.5546482	0.00014116289	0.0	4.0	42.20224952697754	249
127	0.21479015	0.23742664	0.6482331	0.0	3.0	18.76923	11.503537	36.0	1.0	0.24566787	0.24719316	0.6482331	0.0	0.23784512	0.07498007	0.42802474	0.15144579	12800	-0.02517198	0.031230312	-0.0037288796	-3.9495062e-05	2.5171974	0.00059391255	0.0	4.0	42.60820913314819	247
128	0.25939408	0.22244442	0.66838413	0.0	3.1304348	16.692308	11.918858	36.0	1.0	0.2879364	0.22852185	0.66838413	0.0	0.2449919	0.07691099	0.4397664	0.15314059	12900	-0.025215883	0.02689916	-0.0018651262	-6.5688975e-05	2.5215845	-0.0005234623	0.0	4.0	42.998321294784546	257
129	0.19426546	0.18331143	0.6194998	0.0	2.7037036	15.137931	12.036509	37.0	0.0	0.21799433	0.19796015	0.6194998	0.0	0.23600703	0.07246587	0.4426715	0.15509179	13000	-0.025492348	0.01921546	-0.0022232598	-3.7757913e-05	2.5492356	0.00015188694	0.0	4.0	43.40063738822937	249
130	0.19284672	0.19622844	0.6782543	-0.14392279	2.76	19.88889	10.580672	34.0	1.0	0.23094378	0.20854291	0.6782543	-0.14392279	0.23702915	0.07006847	0.44115856	0.15564606	13100	-0.025471054	0.02110896	-0.003535321	-9.159162e-05	2.5471017	0.0004097247	0.0	4.0	43.80725359916687	247
131	0.24410842	0.24564959	0.72349656	0.0	3.409091	20.32	10.593281	37.0	0.0	0.2607319	0.23999874	0.72349656	0.0	0.24635668	0.07511612	0.41494054	0.15461864	13200	-0.024906464	0.029918361	-0.0024074782	-0.00014870823	2.4906497	0.0008468771	0.0	4.0	44.176645040512085	272
132	0.2235782	0.19471914	0.58071417	0.0	2.9565217	15.37037	10.410636	35.0	1.0	0.23980753	0.18208385	0.58071417	0.0	0.23448956	0.06499512	0.36633006	0.15347266	13300	-0.02549687	0.017720582	-0.0017302968	-0.0001932336	2.549688	0.00018729689	0.0	4.0	44.601449489593506	236
133	0.231052	0.20897579	0.54424417	0.0	3.0833333	18.703703	11.977802	36.0	1.0	0.26101378	0.20758055	0.54424417	0.0	0.2311883	0.0655529	0.3712417	0.15105847	13400	-0.025142167	0.022067957	-0.0019386029	1.8333085e-06	2.514215	0.00013594868	0.0	4.0	45.02983999252319	234
134	0.18236126	0.15232372	0.46162292	3.330669e-16	3.090909	16.24	10.808441	37.0	2.0	0.19560689	0.14626858	0.46162292	3.330669e-16	0.22738007	0.05940169	0.38304007	0.15178451	13500	-0.02507653	0.012855233	-0.0020877519	-0.00042609195	2.5076492	0.0011397146	0.0	4.0	45.43832492828369	246
135	0.20872205	0.21069318	0.63009673	0.0	2.875	14.555555	9.627635	35.0	1.0	0.23470627	0.20664206	0.63009673	0.0	0.21389996	0.051636614	0.32531554	0.1498748	13600	-0.025350824	0.02183112	-0.0023785266	5.8917794e-05	2.5350823	0.00023869991	0.0	4.0	45.823723554611206	260
136	0.26295817	0.21869265	0.67090964	0.0	3.3043478	17.307692	9.457473	36.0	0.0	0.27470577	0.21818092	0.67090964	0.0	0.2086489	0.050310265	0.33964247	0.1482312	13700	-0.024897397	0.026018236	-0.0027053803	-8.0158934e-05	2.489742	0.00034344196	0.0	4.0	46.21830201148987	254
137	0.18561059	0.1866197	0.5679177	0.0	2.96	16.814816	10.201805	36.0	0.0	0.19314931	0.19268976	0.5679177	0.0	0.21228734	0.052483518	0.32245022	0.14988944	13800	-0.025145933	0.018795982	-0.0037124362	-7.0491806e-06	2.5145948	0.0012200929	0.0	4.0	46.60176181793213	262
138	0.27784145	0.226208	0.7535673	0.0008436437	2.9130435	17.884615	11.920657	37.0	0.0	0.30314296	0.21409427	0.7535673	0.0008436437	0.21134648	0.048223943	0.31487226	0.148558	13900	-0.025052715	0.025932487	-0.0014704829	-0.00037292065	2.5052729	0.0008440947	0.0	4.0	47.00834894180298	247
139	0.22233208	0.20223098	0.6494139	0.0	2.5185184	20.133333	10.433067	36.0	0.0	0.2346334	0.19657855	0.6494139	0.0	0.2100204	0.049677085	0.31343973	0.15390226	14000	-0.02561348	0.020280788	-0.001841018	-2.2660475e-05	2.5613441	-0.00015556096	0.0	4.0	47.42166757583618	243
140	0.2299912	0.21644546	0.6354513	0.0	3.0833333	20.115385	9.576923	36.0	4.0	0.2488038	0.2233964	0.6354513	0.0	0.23056713	0.059966873	0.36658403	0.1580052	14100	-0.024880752	0.02418561	-0.0024697073	-2.2938475e-05	2.488075	0.00046176676	0.0	4.0	47.81039094924927	258
141	0.19987962	0.20120248	0.6718137	0.0	2.6153846	16.724138	9.818689	37.0	0.0	0.21497612	0.20071691	0.6718137	0.0	0.22026476	0.05250912	0.36648095	0.16075927	14200	-0.025346208	0.019854577	-0.0025456194	-1.460826e-05	2.534622	0.00044409515	0.0	4.0	48.24074697494507	233
142	0.27433676	0.20320365	0.6673973	0.0	2.72	19.25	9.2451725	37.0	5.0	0.3020963	0.2018666	0.6673973	0.0	0.22839779	0.0589615	0.3574579	0.16179185	14300	-0.025220068	0.022147818	-0.0016597714	-0.00023625838	2.5220098	0.00032692432	0.0	4.0	48.65332245826721	243
143	0.21950626	0.2531414	0.8295017	0.0	2.9166667	17.0	11.696787	36.0	0.0	0.23320737	0.25795442	0.8295017	0.0	0.23679613	0.060958806	0.3865845	0.16462436	14400	-0.025262281	0.033707	-0.0029747165	3.053248e-05	2.526231	0.00067231175	0.0	4.0	49.03263545036316	265
144	0.19181298	0.22043096	0.6950438	0.0	3.0869565	15.384615	12.937949	37.0	0.0	0.21186218	0.21371701	0.6950438	0.0	0.24479885	0.065863185	0.4156688	0.16661888	14500	-0.024725735	0.02448521	-0.0038053617	-0.0005369298	2.472571	0.0015261888	0.0	4.0	49.40839982032776	267
145	0.18133543	0.19726156	0.6254658	0.0	3.2727273	18.48	9.826983	34.0	1.0	0.21289873	0.20363988	0.6254658	0.0	0.23030633	0.055507615	0.35527974	0.1647851	14600	-0.024485722	0.019963093	-0.0039824154	-0.00028037792	2.448573	0.0024554278	0.0	4.0	49.797178506851196	258
146	0.27327773	0.20723215	0.68871886	0.0	3.2272727	18.615385	9.81003	36.0	1.0	0.2884728	0.20534876	0.68871886	0.0	0.22582601	0.048487842	0.33863968	0.16152933	14700	-0.024718516	0.021925624	-0.0021444727	0.00013071822	2.4718542	-0.00030158047	0.0	4.0	50.18994760513306	255
147	0.15209228	0.17704064	0.510622	3.330669e-16	2.8	13.142858	10.408494	36.0	0.0	0.17686842	0.17816375	0.510622	3.330669e-16	0.21222736	0.04506	0.33065706	0.16002001	14800	-0.025009915	0.015086101	-0.0026666373	-6.3673826e-05	2.5009928	0.0002148199	0.0	4.0	50.61319875717163	237
148	0.20059557	0.1819586	0.56912726	0.0	3.173913	18.884615	9.720427	37.0	4.0	0.18865831	0.17378338	0.56912726	0.0	0.21479332	0.04397401	0.3081447	0.16148439	14900	-0.024614453	0.01651733	-0.00386923	-0.00049642427	2.461443	0.0007558441	0.0	4.0	51.011857986450195	252
149	0.1887496	0.19758692	0.6665683	0.0	2.9565217	16.538462	10.225273	37.0	0.0	0.20428194	0.19811505	0.6665683	0.0	0.20119229	0.04096705	0.30496097	0.15207477	15000	-0.024570696	0.019921191	-0.0025708592	-0.00017693383	2.4570699	0.0008217144	0.0	4.0	51.39086556434631	265
150	0.3302322	0.24661925	0.7197364	-0.0005384506	2.7916667	20.928572	10.993272	37.0	1.0	0.35943156	0.22775011	0.7197364	-0.0005384506	0.19584867	0.037625708	0.2866127	0.13897671	15100	-0.024772108	0.0377018	-0.0017922707	-0.0011332906	2.4772103	-0.00019288537	0.0	4.0	51.79837203025818	246
151	0.13454801	0.17376545	0.58443075	0.0	2.5925925	16.034483	11.149402	37.0	0.0	0.16699795	0.18296401	0.58443075	0.0	0.19859977	0.035050083	0.28342625	0.148154	15200	-0.024779163	0.01680936	-0.0023319647	0.00038449536	2.4779172	0.00016221283	0.0	4.0	52.19768285751343	251
152	0.31339929	0.20861259	0.62432724	0.0008330112	2.8	17.296297	11.812782	37.0	2.0	0.33407894	0.19227089	0.62432724	0.0008330112	0.21919698	0.046092704	0.33427277	0.15717685	15300	-0.024694663	0.024130533	-0.0025246511	-0.001082337	2.4694636	0.00015436886	0.0	4.0	52.64159417152405	226
153	0.23825197	0.1936549	0.61628526	0.0	2.5555556	18.451612	10.820645	37.0	1.0	0.27128026	0.20350571	0.61628526	0.0	0.2262108	0.051772382	0.33723125	0.17110711	15400	-0.02494929	0.020612452	-0.0024336576	-0.00050760806	2.4949343	0.0006158304	0.0	4.0	53.09495782852173	221
154	0.29764143	0.22277834	0.7006352	3.330669e-16	2.7307692	21.037037	12.230749	37.0	1.0	0.32485867	0.22836593	0.7006352	3.330669e-16	0.24267232	0.0554508	0.37677824	0.17787726	15500	-0.02503711	0.027708806	-0.0030168407	-0.0009408372	2.503715	0.0013850546	0.0	4.0	53.56438755989075	214
155	0.26111734	0.16883717	0.4985838	0.0	2.84	17.413794	10.633446	35.0	2.0	0.26059383	0.162819	0.4985838	0.0	0.26590636	0.07080278	0.44845748	0.18505266	15600	-0.024946135	0.01495626	-0.0018432923	0.00037310575	2.4946115	0.0010246015	0.0	4.0	54.06286406517029	201
156	0.2734181	0.17614837	0.6545376	1.5407221e-06	2.7083333	20.714285	12.255777	37.0	0.0	0.3145818	0.16019903	0.6545376	1.5407221e-06	0.27107775	0.070258245	0.4251042	0.18941064	15700	-0.02495195	0.013593888	-0.0023759864	-0.00012620201	2.495195	-0.00018567085	0.0	4.0	54.479997873306274	240
157	0.13490392	0.19994336	0.6694517	0.0	3.0	19.88889	10.705946	36.0	0.0	0.15334463	0.20350477	0.6694517	0.0	0.28628	0.08056642	0.48449475	0.19235589	15800	-0.024508841	0.032316692	-0.0025391579	-0.001524193	2.4508848	0.00040582183	0.0	4.0	55.03543758392334	181
158	0.21047202	0.23173545	0.6963524	0.0	2.9565217	16.814816	9.764019	36.0	0.0	0.22961742	0.22837283	0.6963524	0.0	0.27167377	0.06618973	0.39980033	0.18896277	15900	-0.02474618	0.027767463	-0.0042124353	-0.0010817563	2.4746175	0.002173283	0.0	4.0	55.50807785987854	212
159	0.29261336	0.2425424	0.70500094	2.220446e-16	2.625	19.037037	11.846179	37.0	1.0	0.31273657	0.22957076	0.70500094	2.220446e-16	0.24745232	0.054487094	0.37515548	0.18226278	16000	-0.02475655	0.027365915	-0.0042171413	0.00040518702	2.4756544	0.00039312604	0.0	4.0	55.97932744026184	213
160	0.26368755	0.22172593	0.65998286	-0.054034516	2.3333333	18.966667	10.364951	35.0	0.0	0.28904533	0.20649832	0.65998286	-0.054034516	0.23870195	0.05376566	0.37613493	0.17948323	16100	-0.024791539	0.021047987	-0.0019254964	-1.3295328e-05	2.4791539	-0.0008910084	0.0	4.0	56.41928315162659	228
161	0.2353998	0.22817953	0.690064	0.0	3.0	19.814816	11.693737	36.0	0.0	0.25141433	0.22403169	0.690064	0.0	0.23494966	0.04823612	0.35741258	0.16093966	16200	-0.024601722	0.025370527	-0.0019707158	-2.9349234e-05	2.4601712	-0.00018883229	0.0	4.0	56.866546869277954	224
162	0.28460863	0.20636562	0.6187779	0.0	2.6923077	20.964285	10.262561	37.0	1.0	0.30961743	0.19758731	0.6187779	0.0	0.24066243	0.048943043	0.3529981	0.18234093	16300	-0.02480147	0.021980628	-0.0013765544	-0.00027617766	2.480147	-0.00046447036	0.0	4.0	57.315840005874634	223
163	0.31604764	0.2177213	0.7110502	3.330669e-16	2.8333333	19.925926	11.7408	37.0	1.0	0.32934237	0.20714757	0.7110502	3.330669e-16	0.25654423	0.057358123	0.3723182	0.18549138	16400	-0.024654612	0.024727253	-0.0016361382	-0.00045928918	2.4654636	-0.00034862754	0.0	4.0	57.81342053413391	202
164	0.26442868	0.23048566	0.69197613	-0.21119867	2.5925925	14.586206	9.880379	35.0	0.0	0.27351928	0.24120654	0.69197613	-0.21119867	0.25256848	0.055798184	0.40942937	0.19041316	16500	-0.0251486	0.029289616	-0.0021049306	-5.512964e-06	2.5148523	0.0011744595	0.0	4.0	58.4991090297699	146
165	0.24619894	0.22583038	0.746134	0.0	2.9583333	17.037037	9.106292	36.0	3.0	0.25968137	0.22054236	0.746134	0.0	0.26859733	0.06317894	0.4076515	0.19448712	16600	-0.024629474	0.024775675	-0.0032757446	-2.0054635e-05	2.4629464	0.000873127	0.0	4.0	58.93390965461731	231
166	0.20746024	0.21409483	0.5265166	0.0	3.0	19.23077	11.0638275	36.0	0.0	0.23044446	0.21304314	0.5265166	0.0	0.2699342	0.05762048	0.39717293	0.1959091	16700	-0.024456896	0.023228802	-0.0019194586	-0.0003462676	2.445693	0.00042027712	0.0	4.0	59.54003047943115	165
167	0.24639378	0.23316388	0.70044535	-0.0061685406	2.5769231	19.214285	10.728324	37.0	1.0	0.27269235	0.2275851	0.70044535	-0.0061685406	0.25583753	0.052914247	0.37697917	0.19442001	16800	-0.024824414	0.024308149	-0.0020417497	-6.2617473e-06	2.4824436	0.0004983902	0.0	4.0	60.18365716934204	156
168	0.28786698	0.19058658	0.5788892	0.0	3.0434783	17.444445	11.272166	36.0	2.0	0.3117812	0.17917387	0.5788892	0.0	0.25737405	0.0496474	0.3419463	0.193052	16900	-0.024065927	0.017142035	-0.0025138846	-2.464815e-05	2.4065936	0.00046199083	0.0	4.0	60.68543076515198	200
169	0.22823174	0.17267674	0.6408197	3.330669e-16	2.9583333	15.038462	8.976383	36.0	0.0	0.25579393	0.18101503	0.6408197	3.330669e-16	0.25442493	0.05445242	0.40118042	0.19423047	17000	-0.024349652	0.016306378	-0.00241822	1.0770746e-06	2.4349647	0.0007387161	0.0	4.0	61.18884563446045	205
170	0.27872568	0.23273002	0.752686	3.330669e-16	2.7307692	23.0	11.460075	37.0	1.0	0.31253546	0.22285335	0.752686	3.330669e-16	0.2567332	0.05219819	0.38269275	0.17514162	17100	-0.024543196	0.023978744	-0.0027027242	-0.00018896419	2.4543228	0.00067376136	0.0	4.0	61.61632013320923	235
171	0.21727453	0.18586615	0.66799283	3.330669e-16	2.75	21.88889	10.829771	37.0	0.0	0.23445791	0.19387995	0.66799283	3.330669e-16	0.25957325	0.05055952	0.36860672	0.19498837	17200	-0.024579097	0.018766493	-0.003619574	5.148677e-05	2.457909	0.0005527544	0.0	4.0	62.087440729141235	213
172	0.23428851	0.21098198	0.61418813	0.0	3.0	20.076923	11.320245	37.0	1.0	0.26634237	0.21494749	0.61418813	0.0	0.26753774	0.056131393	0.39515164	0.19927482	17300	-0.024371237	0.022539582	-0.0027761292	-2.2342429e-05	2.4371226	4.7271256e-05	0.0	4.0	62.65490937232971	177
173	0.29993784	0.21886083	0.7158443	0.0	2.4444444	19.193548	10.535407	37.0	0.0	0.3055886	0.20874703	0.7158443	0.0	0.25614327	0.051180523	0.3739063	0.19904912	17400	-0.025428899	0.02197257	-0.0017718915	-4.8576854e-05	2.5428894	0.0010413504	0.0	4.0	63.20720291137695	183
174	0.15558697	0.1658006	0.51062053	-0.0065036877	2.68	17.172413	12.199686	37.0	0.0	0.17661966	0.16851757	0.51062053	-0.0065036877	0.25643313	0.04593101	0.3569623	0.18856396	17500	-0.025009595	0.01836441	-0.001802735	-0.00042028795	2.50096	0.00034153461	0.0	4.0	63.93675255775452	137
175	0.25952342	0.22067477	0.7073923	3.330669e-16	2.5	19.310345	11.727079	37.0	1.0	0.31153393	0.21875305	0.7073923	3.330669e-16	0.25460303	0.051208414	0.3677801	0.19284138	17600	-0.02512791	0.022729903	-0.0028754994	0.00019093836	2.512788	0.0010684943	0.0	4.0	64.60387635231018	150
176	0.28521714	0.20698868	0.6688614	3.330669e-16	3.142857	17.48	11.472123	37.0	1.0	0.3011357	0.19500738	0.6688614	3.330669e-16	0.2578511	0.049422964	0.3613292	0.19784732	17700	-0.024549127	0.018987788	-0.0030899998	-0.00016431976	2.4549155	0.00013344293	0.0	4.0	65.11469650268555	197
177	0.24304643	0.19549778	0.5585388	3.330669e-16	2.5769231	18.965517	10.613858	36.0	0.0	0.2724834	0.18644248	0.5585388	3.330669e-16	0.26265228	0.055066295	0.3817207	0.20010768	17800	-0.025141612	0.01563397	-0.0035819788	-1.4967984e-05	2.514162	0.0008912849	0.0	4.0	65.57938981056213	216
178	0.23727316	0.20250264	0.5654731	0.0	3.0869565	17.62963	11.621016	37.0	1.0	0.23312637	0.19512396	0.5654731	0.0	0.26806343	0.051788528	0.37442786	0.2022232	17900	-0.025064252	0.020518813	-0.0013964674	-0.00018277718	2.5064282	0.00028424495	0.0	4.0	66.07645463943481	202
179	0.21896164	0.1986216	0.648224	3.330669e-16	2.7083333	18.857143	9.995407	36.0	3.0	0.2643412	0.18930796	0.648224	3.330669e-16	0.2587333	0.0477962	0.3834544	0.20164101	18000	-0.025376074	0.016449492	-0.002511736	5.5880984e-05	2.537606	0.00012459277	0.0	4.0	66.49698424339294	239
180	0.20255984	0.20503895	0.63644993	0.0	2.9130435	17.444445	12.667642	37.0	0.0	0.22449961	0.19914953	0.63644993	0.0	0.25356412	0.04796049	0.36445832	0.1690682	18100	-0.025064856	0.0184059	-0.0020700358	-0.0001696623	2.5064883	0.0007740164	0.0	4.0	66.89916253089905	249
181	0.16119091	0.14850847	0.40973094	0.0	3.125	21.0	10.78817	37.0	0.0	0.16412877	0.14545543	0.40973094	0.0	0.25268078	0.044302814	0.3677339	0.18975958	18200	-0.024614003	0.01506501	-0.0028514713	-0.0012359256	2.4614058	0.001214769	0.0	4.0	67.38096284866333	208
182	0.28928232	0.24888876	0.67878264	-0.08472232	2.8461537	16.555555	12.702678	36.0	0.0	0.33637774	0.25259003	0.67878264	-0.08472232	0.23840551	0.040487077	0.3302146	0.17108044	18300	-0.024977371	0.03305773	-0.0029450096	0.0004965486	2.4977357	-7.427693e-05	0.0	4.0	67.8216621875763	228
183	0.22996368	0.2667672	0.84896004	0.0	2.5384614	19.733334	10.957292	37.0	0.0	0.26498076	0.27117085	0.84896004	0.0	0.24259678	0.047348633	0.34735343	0.18701066	18400	-0.025199339	0.034881152	-0.0020089485	-0.00011017127	2.5199358	-0.0014193559	0.0	4.0	68.31483840942383	204
184	0.22683601	0.24012455	0.6789143	0.0	2.5555556	20.51724	11.400606	37.0	1.0	0.25876135	0.2468311	0.6789143	0.0	0.24009462	0.04299336	0.34326214	0.18006127	18500	-0.025395334	0.029551074	-0.0013195192	-0.00011425605	2.5395317	-0.000116355426	0.0	4.0	68.84409403800964	189
185	0.2524372	0.26063025	0.74825615	0.0	3.2083333	15.24	10.041036	31.0	0.0	0.2825219	0.26292145	0.74825615	0.0	0.2537192	0.050286338	0.3543757	0.16606052	18600	-0.0243222	0.0325723	-0.0029905438	-0.00016526273	2.4322214	4.5166016e-05	0.0	4.0	69.41361594200134	176
186	0.24979463	0.20788628	0.6463503	3.330669e-16	2.4615386	22.3	11.61938	37.0	2.0	0.28368154	0.19119313	0.6463503	3.330669e-16	0.24915893	0.045182206	0.35954362	0.19419032	18700	-0.025385747	0.017357785	-0.0022286084	-0.00020006485	2.5385733	-0.0004271841	0.0	4.0	69.87919497489929	215
187	0.24211723	0.24598671	0.7338062	3.330669e-16	2.9166667	17.185184	7.6837344	32.0	0.0	0.27031296	0.24285638	0.7338062	3.330669e-16	0.25885952	0.047739886	0.3859216	0.18776125	18800	-0.024760485	0.027761536	-0.0021625534	-6.0207676e-05	2.4760451	0.0006994653	0.0	4.0	70.48163962364197	166
188	0.2903299	0.1973314	0.64678794	3.330669e-16	3.0	14.5	10.047005	35.0	0.0	0.3048915	0.19276619	0.64678794	3.330669e-16	0.2740777	0.05524438	0.39729688	0.20609671	18900	-0.024752337	0.019592386	-0.0028951857	-6.104878e-05	2.475234	0.0005394292	0.0	4.0	71.0500979423523	177
189	0.26343057	0.2168978	0.62635523	0.0	2.9130435	16.962963	9.562588	36.0	0.0	0.28872892	0.20347182	0.62635523	0.0	0.27185768	0.053245578	0.40216416	0.19762246	19000	-0.024809271	0.020681258	-0.0012309998	-1.3326295e-05	2.4809256	0.00010921956	0.0	4.0	71.47524762153625	236
190	0.31528276	0.25202852	0.7223395	0.0	3.1304348	19.76923	9.676727	36.0	1.0	0.31837943	0.24431166	0.7223395	0.0	0.2834765	0.060388498	0.3989143	0.21048513	19100	-0.024537953	0.031288825	-0.0030802377	-7.818965e-05	2.453796	0.0010828972	0.0	4.0	72.00855135917664	188
191	0.32750964	0.22085467	0.6804033	0.0	3.1304348	18.423077	12.481288	37.0	0.0	0.3449413	0.21475583	0.6804033	0.0	0.28550348	0.059761774	0.4235229	0.2120936	19200	-0.024772778	0.023842912	-0.0031229854	-0.00018160418	2.4772813	-0.00059885264	0.0	4.0	72.61628293991089	165
192	0.3146598	0.19222341	0.66793066	0.0	2.875	19.035715	10.376767	37.0	0.0	0.33330613	0.18570435	0.66793066	0.0	0.29414368	0.06415385	0.44026497	0.21507804	19300	-0.024877574	0.016900389	-0.0046554655	-0.00013031904	2.48776	-0.00011761428	0.0	4.0	73.21694588661194	167
193	0.28118643	0.20729327	0.65247977	0.0	2.96	22.5	12.010412	37.0	0.0	0.30485138	0.20856124	0.65247977	0.0	0.29767877	0.062272266	0.42716804	0.21871708	19400	-0.024489112	0.021130513	-0.004647892	-1.4173798e-05	2.4489105	0.00076128484	0.0	4.0	73.99548244476318	129
194	0.32604408	0.22515805	0.7069211	0.0	3.173913	20.4	10.586784	36.0	5.0	0.35101476	0.22290874	0.7069211	0.0	0.30375135	0.061650295	0.42472753	0.22103667	19500	-0.02423656	0.0238389	-0.0025167093	-0.0001434111	2.423651	0.0010798883	0.0	4.0	74.55992031097412	179
195	0.24298482	0.20960656	0.7529511	-0.0731613	2.9545455	15.307693	9.256055	37.0	1.0	0.27510294	0.20264755	0.7529511	-0.0731613	0.29624614	0.060373727	0.44122773	0.22374214	19600	-0.02434178	0.021265514	-0.0028697923	-8.0515165e-06	2.434178	0.0018210387	0.0	4.0	75.1349709033966	174
196	0.3452848	0.23864324	0.7513212	3.330669e-16	2.75	21.0	10.633505	36.0	0.0	0.39211196	0.21549916	0.7513212	3.330669e-16	0.29865336	0.06215689	0.42825082	0.22489077	19700	-0.024588224	0.025552347	-0.0017778045	-0.00036720466	2.4588177	0.00014872075	0.0	4.0	75.79924988746643	151
197	0.3572729	0.22751682	0.7331213	0.0	3.3333333	19.68	12.115181	37.0	1.0	0.37381274	0.21922083	0.7331213	0.0	0.31397262	0.06832855	0.45973632	0.22806719	19800	-0.024151519	0.025584895	-0.0035461145	-0.000340926	2.4151523	-2.9428018e-05	0.0	4.0	76.2366418838501	231
198	0.28263408	0.21940517	0.75056493	3.330669e-16	2.84	19.923077	11.121438	37.0	3.0	0.30813277	0.21175489	0.75056493	3.330669e-16	0.32560515	0.07661672	0.49831176	0.23330218	19900	-0.024417132	0.023949107	-0.0015047844	0.00011484139	2.4417095	0.00076234096	0.0	4.0	76.66104006767273	236
199	0.30278182	0.19081548	0.6081059	0.0	3.0	20.038462	12.726354	37.0	1.0	0.32156813	0.19400051	0.6081059	0.0	0.33191177	0.07538642	0.50060004	0.23565565	20000	-0.024151355	0.018803634	-0.0021282062	-0.00025862094	2.4151368	0.00041084288	0.0	4.0	77.06799912452698	247
200	0.28875107	0.24261656	0.71824723	3.330669e-16	2.5	17.233334	11.737926	37.0	0.0	0.32849097	0.23071195	0.71824723	3.330669e-16	0.3100939	0.06312376	0.4541627	0.2351577	20100	-0.025095142	0.025252549	-0.002354036	5.224906e-05	2.5095143	0.00016892195	0.0	4.0	77.49528956413269	235
201	0.33236372	0.19941175	0.6783614	3.330669e-16	3.4545455	20.333334	10.434984	37.0	1.0	0.34426835	0.1955911	0.6783614	3.330669e-16	0.32222357	0.062674254	0.44492292	0.23497874	20200	-0.02356518	0.019702934	-0.0023510254	-5.8501726e-05	2.3565183	0.00036219836	0.0	4.0	77.97356271743774	211
202	0.31322217	0.2198504	0.7422513	0.0	3.347826	16.12	11.607997	37.0	0.0	0.3232289	0.220458	0.7422513	0.0	0.3231705	0.066556714	0.47546506	0.23553804	20300	-0.023872226	0.024521895	-0.0026944824	-0.0002065287	2.387217	0.00015523197	0.0	4.0	78.35207891464233	265
203	0.2968326	0.18015108	0.56842893	3.330669e-16	2.76	18.714285	10.7532625	36.0	1.0	0.32461226	0.16619809	0.56842893	3.330669e-16	0.31432033	0.06477273	0.44901282	0.21810193	20400	-0.024544924	0.01235266	-0.0018866137	1.155131e-05	2.454496	0.00034179923	0.0	4.0	78.76525902748108	243
204	0.1983702	0.20418215	0.6168498	3.330669e-16	2.52	14.862069	8.369584	31.0	0.0	0.24796659	0.19369693	0.6168498	3.330669e-16	0.29276156	0.050895907	0.41716915	0.23516743	20500	-0.024705384	0.018282846	-0.0032346472	-0.0001643661	2.4705365	0.0009858775	0.0	4.0	79.18652200698853	238
205	0.31324878	0.21904443	0.72740805	0.0	3.173913	18.038462	11.092203	34.0	1.0	0.33151123	0.22117604	0.72740805	0.0	0.29876631	0.05522932	0.4211034	0.21747243	20600	-0.024215288	0.024813509	-0.0028526261	5.861651e-05	2.421529	0.0006218075	0.0	4.0	79.65541338920593	214
206	0.23228842	0.19129793	0.615801	0.0	3.0	20.0	10.746231	37.0	0.0	0.25320876	0.18712208	0.615801	0.0	0.29084203	0.050040234	0.41371343	0.21828187	20700	-0.02459453	0.017127568	-0.0019439813	-0.00019397354	2.459455	0.0011667586	0.0	4.0	80.18090152740479	191
207	0.30942923	0.20876004	0.6601748	0.0	2.8076923	17.714285	10.976785	35.0	0.0	0.31810474	0.20271727	0.6601748	0.0	0.2927078	0.052302282	0.41839662	0.22356553	20800	-0.024642989	0.019501865	-0.0022301413	4.109461e-06	2.4643002	0.00012825968	0.0	4.0	80.6819224357605	200
208	0.21348965	0.18611944	0.5448044	0.0	2.75	16.357143	11.893018	37.0	0.0	0.21401678	0.17796229	0.5448044	0.0	0.28250042	0.045112006	0.40816784	0.22394145	20900	-0.02489759	0.018238252	-0.002140116	-0.00079094805	2.4897642	5.4039992e-05	0.0	4.0	81.23615741729736	181
209	0.29112747	0.25991255	0.6949833	0.0	3.5454545	20.375	9.603873	37.0	4.0	0.28577122	0.2545618	0.6949833	0.0	0.27897564	0.044360988	0.40513644	0.1939733	21000	-0.02358928	0.032928545	-0.0047930656	-0.00023576734	2.3589292	0.001962149	0.0	4.0	81.76987838745117	188
210	0.26303855	0.22936097	0.72462827	0.0	2.9583333	20.777779	10.414851	37.0	1.0	0.2848059	0.22008964	0.72462827	0.0	0.2651324	0.042468317	0.36869872	0.18278538	21100	-0.024148226	0.02119768	-0.003500957	0.00011381018	2.414823	0.0002632283	0.0	4.0	82.18827962875366	240
211	0.19858979	0.20058593	0.7208995	0.0	2.64	18.62069	10.8704405	37.0	3.0	0.21782853	0.19915621	0.7208995	0.0	0.25780892	0.039187722	0.35206664	0.17628068	21200	-0.024343982	0.018928275	-0.002721727	-0.0002584185	2.4344065	-0.0003382539	0.0	4.0	82.75053024291992	178
212	0.31076828	0.24334979	0.69144356	0.0	2.72	16.392857	10.52663	36.0	1.0	0.3164927	0.23712419	0.69144356	0.0	0.25473216	0.037439328	0.36604077	0.16186741	21300	-0.024526894	0.029328488	-0.0029036645	4.6758913e-05	2.45269	-0.00062441354	0.0	4.0	83.18226146697998	232
213	0.35597008	0.22896262	0.75020295	0.0	2.7692308	17.206896	11.739645	37.0	0.0	0.35436425	0.23516192	0.75020295	0.0	0.25319758	0.038637433	0.33683005	0.17308488	21400	-0.024511961	0.031590786	-0.00286947	-0.0009133746	2.4511952	-0.0023320126	0.0	4.0	83.75099205970764	176
214	0.24012592	0.23695254	0.6900055	0.0	2.92	19.777779	10.918327	37.0	1.0	0.28006703	0.2424317	0.6900055	0.0	0.26344582	0.038028773	0.37828368	0.20744923	21500	-0.023756536	0.029191185	-0.0014764573	-0.00045379344	2.3756528	9.411336e-05	0.0	4.0	84.213369846344	218
215	0.182686	0.21295469	0.6655696	0.0	2.84	19.642857	11.594994	37.0	1.0	0.1911669	0.21898118	0.6655696	0.0	0.27647927	0.037641253	0.38929293	0.22575383	21600	-0.023860145	0.02764951	-0.00252161	0.00012940471	2.386015	0.0007011986	0.0	4.0	84.74244451522827	190
216	0.29669285	0.21938968	0.69637537	3.330669e-16	2.8695652	19.333334	10.873004	37.0	0.0	0.34603703	0.19171892	0.69637537	3.330669e-16	0.27774933	0.041945048	0.3929014	0.22713172	21700	-0.023707353	0.019723201	-0.0017506406	-0.00011085183	2.370737	-4.927398e-05	0.0	4.0	85.37870144844055	158
217	0.24863458	0.1894657	0.58274394	0.006658453	3.0	21.038462	11.580756	35.0	1.0	0.26301306	0.19152343	0.58274394	0.006658453	0.27966186	0.041274253	0.3796492	0.20269358	21800	-0.02407352	0.017792564	-0.0026551597	4.2911735e-05	2.40735	0.0006440067	0.0	4.0	85.93951272964478	181
218	0.2581953	0.20591272	0.7202219	0.0	2.8333333	17.925926	11.008165	36.0	0.0	0.27606377	0.2052881	0.7202219	0.0	0.28624687	0.04422225	0.40363637	0.22231045	21900	-0.023804724	0.019944204	-0.002202713	1.830724e-05	2.380471	0.0005765652	0.0	4.0	86.43873977661133	201
219	0.26274335	0.22839859	0.64753395	-0.09298043	2.9166667	21.185184	11.712725	37.0	0.0	0.2675028	0.22034112	0.64753395	-0.09298043	0.28887984	0.046555284	0.38563755	0.20613687	22000	-0.023661345	0.024003863	-0.0033451393	-0.00029495638	2.3661313	0.00022835494	0.0	4.0	86.93764543533325	201
220	0.2117753	0.18203016	0.5337211	3.330669e-16	3.1304348	16.192308	10.841584	35.0	1.0	0.23408645	0.17550154	0.5337211	3.330669e-16	0.28176677	0.04500663	0.4156801	0.21778923	22100	-0.02379305	0.014919195	-0.0030576736	-0.00035427837	2.3793015	0.0015297484	0.0	4.0	87.49422550201416	181
221	0.32495126	0.24923514	0.85771734	3.330669e-16	2.875	17.25	11.5530615	37.0	0.0	0.37033626	0.24220112	0.85771734	3.330669e-16	0.2728902	0.039951444	0.36387655	0.1928399	22200	-0.023860037	0.03302127	-0.0017810613	-0.00028036162	2.3860018	0.0002843904	0.0	4.0	88.14839792251587	153
222	0.38245028	0.21609086	0.7554988	0.0011534758	3.0869565	17.846153	9.642424	37.0	1.0	0.41088852	0.1967038	0.7554988	0.0011534758	0.27869552	0.04085973	0.3892491	0.22733438	22300	-0.023520619	0.02746051	-0.0019256021	-0.0025307373	2.3520625	0.00013776778	0.0	4.0	88.66875958442688	193
223	0.3100755	0.20791107	0.66971177	3.330669e-16	2.72	16.357143	10.610689	36.0	0.0	0.34881204	0.19683953	0.66971177	3.330669e-16	0.30052698	0.050840292	0.42579132	0.23993745	22400	-0.023854924	0.018967569	-0.002919875	-0.0009235861	2.38549	0.00043183085	0.0	4.0	89.14267802238464	213
224	0.32339692	0.26131624	0.7096084	-0.1784034	3.0416667	20.384615	12.181565	37.0	1.0	0.3563249	0.24986345	0.7096084	-0.1784034	0.3363965	0.07118608	0.47969493	0.24843706	22500	-0.023395345	0.030750213	-0.002290208	0.00014244393	2.3395386	-0.00036307337	0.0	4.0	89.70070266723633	179
225	0.23992969	0.23640165	0.6937175	3.330669e-16	2.2857144	15.9375	11.252604	36.0	0.0	0.2754245	0.22620037	0.6937175	3.330669e-16	0.3245455	0.066186756	0.5045028	0.24378493	22600	-0.024872273	0.025521602	-0.0028120242	0.00018888433	2.4872258	0.0027193164	0.0	4.0	90.2764241695404	174
226	0.2916388	0.21534297	0.6972456	0.0	2.9166667	15.111111	11.380077	35.0	0.0	0.32098258	0.20980375	0.6972456	0.0	0.3536356	0.07957627	0.51187813	0.25549248	22700	-0.023549661	0.021957772	-0.0019804742	-0.00040079	2.3549664	-0.00034902093	0.0	4.0	90.96423983573914	146
227	0.270829	0.1995101	0.6965966	0.0	3.0833333	17.24	12.2777195	36.0	0.0	0.3065169	0.20656817	0.6965966	0.0	0.347192	0.070334785	0.4884172	0.25338253	22800	-0.023465835	0.022327593	-0.0021693045	-0.0006019133	2.3465848	0.00086483953	0.0	4.0	91.49556159973145	191
228	0.29791346	0.21337558	0.64364004	3.330669e-16	3.0	19.74074	10.20745	37.0	0.0	0.31934884	0.20276982	0.64364004	3.330669e-16	0.32387245	0.06376479	0.46203512	0.2321868	22900	-0.023945462	0.019378196	-0.0027510654	-0.00020826235	2.3945446	0.00076208834	0.0	4.0	92.04861068725586	182
229	0.20608985	0.18882476	0.56219876	0.0	2.9166667	18.5	11.24881	37.0	0.0	0.21407956	0.19710782	0.56219876	0.0	0.3073542	0.051860772	0.4240413	0.22016141	23000	-0.023789499	0.024668202	-0.0013777483	-0.0020177276	2.3789551	0.0003275776	0.0	4.0	92.58898830413818	185
230	0.2662459	0.20635194	0.68196255	0.0	3.0	17.5	10.853039	37.0	0.0	0.2984697	0.20425603	0.68196255	0.0	0.2916343	0.046777435	0.39018264	0.2031409	23100	-0.023688883	0.019336402	-0.0025044866	0.00037504523	2.368889	0.000102152844	0.0	4.0	93.19052338600159	167
231	0.3266125	0.20012647	0.5918874	0.0	3.1818182	17.92	10.821903	37.0	0.0	0.34763277	0.18744324	0.5918874	0.0	0.28158975	0.042436633	0.40068924	0.21391773	23200	-0.023409098	0.019654904	-0.0019675177	0.000106023625	2.340907	-0.0006911492	0.0	4.0	93.91290259361267	139
232	0.36084768	0.19985473	0.6446285	0.0013234701	3.047619	22.52	11.07834	37.0	0.0	0.3704302	0.1786435	0.6446285	0.0013234701	0.27703738	0.043415032	0.38839018	0.1846232	23300	-0.023702726	0.019333102	-0.0016843714	-0.0010900351	2.3702652	-0.0006280851	0.0	4.0	94.5175473690033	167
233	0.31681392	0.22908835	0.7188627	0.0	3.0416667	16.851852	10.662165	37.0	1.0	0.35001528	0.22761749	0.7188627	0.0	0.29625672	0.047276266	0.38787276	0.21508546	23400	-0.023301266	0.026084397	-0.0021636486	-0.0007032526	2.330124	0.00079881906	0.0	4.0	95.16068863868713	156
234	0.34831825	0.24404947	0.7289582	0.0	3.3636363	20.0	10.14692	35.0	0.0	0.3600648	0.23644592	0.7289582	0.0	0.3126264	0.0533164	0.43823084	0.24647245	23500	-0.023259744	0.026957195	-0.0032556066	-0.0002912162	2.3259776	0.00069425825	0.0	4.0	95.9257128238678	131
235	0.29098657	0.19651787	0.7939859	7.5806105e-07	3.0	19.423077	9.600373	37.0	0.0	0.32732627	0.19838004	0.7939859	7.5806105e-07	0.33051452	0.06332547	0.4716921	0.2521857	23600	-0.023718555	0.01826996	-0.0016818314	0.000111238915	2.3718581	-0.00027977227	0.0	4.0	96.3793683052063	222
236	0.32375145	0.23812513	0.7145255	0.0	2.9583333	20.357143	11.314384	37.0	1.0	0.34776625	0.22592916	0.7145255	0.0	0.3382679	0.066422075	0.4873629	0.2556989	23700	-0.023697905	0.024928734	-0.0017172624	1.5180558e-06	2.3697877	0.0001348281	0.0	4.0	97.03472566604614	153
237	0.3489494	0.19603272	0.67786455	1.3915792e-06	2.75	17.892857	11.669065	36.0	0.0	0.3687901	0.17950837	0.67786455	1.3915792e-06	0.3351972	0.06606187	0.48225927	0.25731292	23800	-0.024129052	0.016824475	-0.0022817627	-4.6814093e-05	2.412904	0.00038918495	0.0	4.0	97.86075043678284	121
238	0.3978622	0.20428649	0.73449254	0.0	3.0	18.037037	10.023976	37.0	1.0	0.39081922	0.2114812	0.73449254	0.0	0.34082466	0.06448609	0.47973812	0.2588428	23900	-0.023528367	0.025269156	-0.0012408346	-0.00011069514	2.3528302	0.00018409012	0.0	4.0	98.49722933769226	157
239	0.34430555	0.24596015	0.7216406	3.330669e-16	2.9130435	16.0	9.401309	34.0	1.0	0.40877485	0.21907355	0.7216406	3.330669e-16	0.34725165	0.064928375	0.4828307	0.26106644	24000	-0.02337353	0.023204569	-0.00284989	-0.00043007755	2.337354	0.0001227641	0.0	4.0	99.08859181404114	170
240	0.26643082	0.2397989	0.6694579	0.0	3.0869565	16.92	9.931444	36.0	1.0	0.27549082	0.23111378	0.6694579	0.0	0.35691422	0.06961251	0.49042472	0.25081378	24100	-0.023232616	0.03089635	-0.0016848445	-0.0003014463	2.3232603	-0.00014090777	0.0	4.0	99.65459966659546	177
241	0.30997065	0.23420379	0.7428369	0.0	2.9166667	15.642858	11.110531	36.0	0.0	0.3408175	0.23536704	0.7428369	0.0	0.35077766	0.07373452	0.53259754	0.265012	24200	-0.023707189	0.028025959	-0.0022355318	-0.00027852342	2.3707194	-0.00022242786	0.0	4.0	100.24695920944214	170
242	0.33427224	0.23747922	0.6708564	0.0	2.6153846	14.551724	10.050171	35.0	0.0	0.35680723	0.2290793	0.6708564	0.0	0.32997346	0.05870558	0.46259296	0.26213852	24300	-0.024130106	0.02518199	-0.0027783373	9.838492e-06	2.413011	-0.00069039105	0.0	4.0	100.81440496444702	177
243	0.26491213	0.22306055	0.65767103	0.0	2.8333333	15.214286	11.705789	36.0	0.0	0.27392623	0.2091451	0.65767103	0.0	0.33173373	0.06333298	0.4647191	0.25044838	24400	-0.02358003	0.022326294	-0.003035429	-0.0010044908	2.358004	0.0011597539	0.0	4.0	101.39869594573975	172
244	0.3337182	0.18117808	0.6795057	0.00014741714	3.0	20.538462	11.205187	37.0	1.0	0.35112548	0.1736018	0.6795057	0.00014741714	0.31133997	0.045193337	0.4157907	0.2530321	24500	-0.02355259	0.016209867	-0.001316417	0.00037362915	2.355256	0.00044813397	0.0	4.0	101.93667078018188	186
245	0.28069153	0.21264023	0.692712	0.0	2.9565217	20.076923	11.720865	37.0	0.0	0.29859635	0.20507546	0.692712	0.0	0.3071473	0.045190044	0.4020376	0.24447365	24600	-0.023356572	0.020539224	-0.0024446603	-1.6603619e-05	2.3356562	0.0005960965	0.0	4.0	102.31939029693604	263
246	0.3519918	0.2145736	0.7127495	0.006658968	2.7916667	17.571428	10.022932	36.0	0.0	0.3485179	0.20640737	0.7127495	0.006658968	0.30964342	0.05133923	0.43504426	0.23959912	24700	-0.023910873	0.020333778	-0.0038107466	-3.4783618e-05	2.391088	-0.00042150973	0.0	4.0	102.8913505077362	175
247	0.23321493	0.18418247	0.59549195	0.0	2.9583333	16.37037	7.3793917	28.0	3.0	0.24781214	0.18821004	0.59549195	0.0	0.30416417	0.046835676	0.42066982	0.21184386	24800	-0.02307035	0.018733494	-0.0049945116	-0.000110267545	2.3070345	0.0014617515	0.0	4.0	103.3049476146698	243
248	0.23758917	0.21526977	0.7486452	0.0	2.9565217	17.555555	12.7085085	37.0	0.0	0.27109587	0.21157685	0.7486452	0.0	0.3024618	0.042901818	0.41081455	0.23448315	24900	-0.023625493	0.02157965	-0.0034681708	-0.00010560104	2.3625484	0.0010830474	0.0	4.0	103.75212812423706	224
249	0.27746093	0.23848683	0.7897879	0.0	3.1818182	19.24	11.049995	36.0	0.0	0.29408938	0.2406874	0.7897879	0.0	0.28858465	0.044545442	0.4110063	0.20472907	25000	-0.022639114	0.028078958	-0.0031165015	4.103128e-05	2.263913	0.0001437664	0.0	4.0	104.25436925888062	200
250	0.35091254	0.2190802	0.691986	0.0	3.1363637	17.5	12.719609	37.0	0.0	0.3404147	0.22104612	0.691986	0.0	0.29667556	0.043450627	0.40140513	0.22884335	25100	-0.023218479	0.026229367	-0.0035374896	-6.6609355e-05	2.3218474	-0.00035096408	0.0	4.0	104.69086194038391	230
251	0.33491367	0.20946321	0.7656171	3.330669e-16	2.826087	21.25926	12.429334	37.0	1.0	0.35441667	0.19953807	0.7656171	3.330669e-16	0.29548913	0.044121597	0.40848812	0.18543747	25200	-0.023162894	0.020474102	-0.0022256486	-0.00042853155	2.316289	-0.0007536411	0.0	4.0	105.15341973304749	217
252	0.25341165	0.2131841	0.67058027	0.0	2.7692308	19.222221	11.608851	36.0	0.0	0.27441883	0.21046329	0.67058027	0.0	0.30498463	0.050288044	0.4200604	0.22142172	25300	-0.023183882	0.02027163	-0.0022562258	0.00015166006	2.3183885	-0.0002973652	0.0	4.0	105.6316511631012	210
253	0.23696765	0.21558444	0.70117325	0.0	3.1304348	19.185184	11.476343	37.0	1.0	0.25746423	0.21350497	0.70117325	0.0	0.31119764	0.047412653	0.42271972	0.2327701	25400	-0.022631496	0.023483058	-0.0033505335	-0.00040275208	2.2631502	0.0012357712	0.0	4.0	106.11828470230103	206
254	0.23628454	0.23258975	0.70478314	0.0	2.9583333	17.62963	9.9857235	36.0	1.0	0.2657749	0.22994497	0.70478314	0.0	0.30153856	0.045113076	0.41113397	0.23224732	25500	-0.022802852	0.025250632	-0.0031747185	-0.00030840887	2.2802863	0.0001609969	0.0	4.0	106.64195489883423	191
255	0.2244607	0.21887077	0.65372	0.0	2.9166667	16.185184	11.244874	37.0	0.0	0.2782949	0.21335535	0.65372	0.0	0.2906272	0.04557522	0.40082023	0.19048397	25600	-0.02256069	0.022562753	-0.0016597048	0.00015203189	2.2560701	0.00024451496	0.0	4.0	107.14722681045532	199
256	0.30949503	0.21261965	0.6578659	0.0	3.2727273	17.923077	10.762911	37.0	1.0	0.30179486	0.21392669	0.6578659	0.0	0.28390482	0.04234802	0.40396672	0.19702958	25700	-0.022441253	0.021275204	-0.0034098066	-6.830087e-06	2.244123	0.0004288244	0.0	4.0	107.68104982376099	188
257	0.28460556	0.19180447	0.6486919	3.330669e-16	2.6153846	15.678572	8.872322	32.0	2.0	0.29825693	0.17880923	0.6486919	3.330669e-16	0.29762974	0.04492203	0.40456372	0.20201279	25800	-0.023327578	0.015000209	-0.0013864739	-4.5256456e-06	2.3327546	-0.0013407518	0.0	4.0	108.22100901603699	186
258	0.2140127	0.19808736	0.63059765	0.0	2.76	19.714285	12.053028	37.0	0.0	0.22885635	0.19308464	0.63059765	0.0	0.28825578	0.039851684	0.41584304	0.19633889	25900	-0.02320461	0.018948093	-0.002590755	-0.00034547993	2.3204665	0.0003568816	0.0	4.0	108.74580144882202	191
259	0.28541628	0.17721562	0.55251783	0.0	3.1304348	19.961538	9.204851	36.0	0.0	0.27799183	0.17658214	0.55251783	0.0	0.27778712	0.04966176	0.4122215	0.1447273	26000	-0.022210453	0.014513519	-0.0056144227	-5.4662814e-05	2.2210445	0.0015838885	0.0	4.0	109.23542189598083	206
260	0.31160033	0.23407535	0.70891106	3.330669e-16	2.5185184	18.733334	9.215687	37.0	0.0	0.32907084	0.22077642	0.70891106	3.330669e-16	0.26877752	0.040934987	0.3760903	0.14714997	26100	-0.023247607	0.0248325	-0.00202596	-2.5871908e-05	2.3247585	-0.0020648171	0.0	4.0	109.7846462726593	183
261	0.25793156	0.23206091	0.70969594	0.0	2.6538463	18.689655	9.180577	34.0	0.0	0.26671836	0.23144758	0.70969594	0.0	0.27324504	0.047093987	0.3918449	0.1571668	26200	-0.023094334	0.023910115	-0.0026719682	1.9793399e-05	2.3094332	3.6668847e-05	0.0	4.0	110.30959105491638	191
262	0.25487712	0.23476098	0.72291803	1.8758428e-07	2.6666667	17.857143	11.453989	37.0	1.0	0.25738418	0.24105851	0.72291803	1.8758428e-07	0.27470717	0.042941224	0.40164518	0.17176346	26300	-0.022949252	0.026159666	-0.0024052686	-2.3019034e-05	2.2949243	-0.0009811568	0.0	4.0	110.88093447685242	175
263	0.22898398	0.21165425	0.6960164	0.0	2.5925925	17.896551	10.996378	36.0	0.0	0.24638778	0.21209024	0.6960164	0.0	0.2783545	0.04190313	0.37181765	0.15731606	26400	-0.02304241	0.022643201	-0.001885416	-4.834961e-05	2.3042397	0.0006494904	0.0	4.0	111.48056268692017	167
264	0.26133794	0.24008428	0.7461763	0.0	3.3043478	17.92	9.23437	35.0	2.0	0.27436602	0.23552915	0.7461763	0.0	0.26740316	0.04979857	0.40949175	0.121525876	26500	-0.021813206	0.025846407	-0.0027501765	-4.2477623e-06	2.1813214	0.0012707328	0.0	4.0	112.2429187297821	132
265	0.3080491	0.19739491	0.6869914	3.330669e-16	2.72	21.392857	12.324017	37.0	0.0	0.32511914	0.18538871	0.6869914	3.330669e-16	0.27220228	0.043441035	0.37731627	0.15602237	26600	-0.022599295	0.019021839	-0.002588665	-0.000509687	2.259932	0.00073975086	0.0	4.0	112.8218309879303	173
266	0.26566032	0.22478177	0.7812742	0.0	3.2727273	18.4	10.781466	36.0	2.0	0.26997072	0.22468008	0.7812742	0.0	0.27448678	0.054175816	0.41568005	0.13783517	26700	-0.02170133	0.022738446	-0.0056551634	5.2447896e-05	2.1701336	0.0029604672	0.0	4.0	113.25172233581543	234
267	0.3431854	0.21711239	0.70391536	0.0003967061	2.6153846	23.533333	9.457742	35.0	3.0	0.37010118	0.2002239	0.70391536	0.0003967061	0.29050127	0.051187895	0.44538963	0.18187924	26800	-0.02242541	0.022840993	-0.00062895566	-0.0009780847	2.2425404	-0.0005410194	0.0	4.0	113.74559497833252	203
268	0.28511104	0.22039312	0.6498619	0.0	2.5714285	22.206896	13.23626	37.0	0.0	0.3078031	0.22057448	0.6498619	0.0	0.30704322	0.04914682	0.4117552	0.20764062	26900	-0.022602037	0.023867909	-0.0029167403	0.0001310627	2.2601979	-0.00023160933	0.0	4.0	114.22765374183655	208
269	0.32576287	0.24305914	0.7416951	0.0	2.4482758	19.4	11.669333	37.0	2.0	0.35900852	0.24129647	0.7416951	0.0	0.32288414	0.05417617	0.45733535	0.2603489	27000	-0.022541784	0.027732708	-0.002196025	-0.00032276474	2.2541754	0.000119352306	0.0	4.0	114.70620322227478	210
270	0.31186125	0.22912344	0.7091176	0.0	2.5555556	13.166667	11.381515	37.0	0.0	0.31822708	0.22975312	0.7091176	0.0	0.328295	0.056714866	0.47576657	0.2531594	27100	-0.022678662	0.025301687	-0.0016270801	0.00014216593	2.2678688	-0.00016194108	0.0	4.0	115.29805755615234	169
271	0.38953277	0.19740799	0.7121252	2.220446e-16	2.5185184	18.709677	11.234146	37.0	0.0	0.40979022	0.17784712	0.7121252	2.220446e-16	0.34031457	0.06336736	0.4801023	0.26563767	27200	-0.022533331	0.01817111	-0.0020303149	-0.0002618751	2.253333	-5.1498355e-06	0.0	4.0	115.8947811126709	169
272	0.24192207	0.20235251	0.65030384	3.330669e-16	2.5769231	18.103449	13.347724	37.0	0.0	0.26550332	0.19882049	0.65030384	3.330669e-16	0.33781567	0.0596806	0.4658046	0.26087543	27300	-0.022429109	0.022390261	-0.0031674756	-0.00016810652	2.2429137	0.0006058693	0.0	4.0	116.35167169570923	220
273	0.3340317	0.18936229	0.657087	0.0019988185	2.75	19.62963	11.585905	35.0	0.0	0.3609479	0.17464834	0.657087	0.0019988185	0.34309015	0.06175884	0.47585306	0.25309786	27400	-0.02216196	0.0149524845	-0.0042302404	9.3333074e-05	2.216198	4.965783e-05	0.0	4.0	116.89492011070251	184
274	0.33658424	0.21931544	0.7173308	0.0	2.5925925	18.827587	10.888365	37.0	0.0	0.36826107	0.21461008	0.7173308	0.0	0.33506995	0.05486639	0.46291777	0.2668158	27500	-0.022486873	0.022526305	-0.0029538646	-4.8129354e-05	2.2486873	0.00075085636	0.0	4.0	117.47075891494751	174
275	0.4104248	0.2129454	0.70414007	0.0	2.9565217	13.222222	10.636531	35.0	0.0	0.43070495	0.20359291	0.70414007	0.0	0.34383285	0.0598691	0.46562496	0.2677379	27600	-0.022020847	0.024052985	-0.0031198682	-0.0006944237	2.202085	0.0006455517	0.0	4.0	118.01056218147278	186
276	0.31499127	0.21009591	0.65706146	0.0	2.7037036	19.51724	11.01917	35.0	1.0	0.3218838	0.20860298	0.65706146	0.0	0.34286824	0.06113935	0.491538	0.2720728	27700	-0.022271931	0.02104206	-0.002517581	0.00026329258	2.2271914	-0.00012604712	0.0	4.0	118.62699627876282	162
277	0.2791517	0.22352432	0.6288919	3.330669e-16	2.4444444	18.333334	11.819006	37.0	0.0	0.32293874	0.21276373	0.6288919	3.330669e-16	0.35199815	0.06272777	0.48597667	0.2747306	27800	-0.02251836	0.021284653	-0.0023139203	-3.9998442e-05	2.2518353	0.00047240732	0.0	4.0	119.1495931148529	192
278	0.3498285	0.21861199	0.7665758	0.0	2.6923077	21.689655	10.553978	37.0	0.0	0.37646022	0.21363185	0.7665758	0.0	0.35059312	0.06161026	0.46198037	0.2509825	27900	-0.021884233	0.022998573	-0.0027515609	3.1969976e-06	2.1884208	0.00013806103	0.0	4.0	119.64594388008118	202
279	0.34494302	0.20680767	0.69606704	3.330669e-16	2.64	17.862068	9.216642	35.0	3.0	0.3925061	0.18538873	0.69606704	3.330669e-16	0.35255736	0.0652268	0.48254764	0.244277	28000	-0.022341885	0.016692245	-0.0037559853	-0.0001746486	2.2341871	0.0002050614	0.0	4.0	120.11758279800415	213
280	0.31311134	0.2319382	0.67293245	3.330669e-16	2.68	16.214285	9.600436	37.0	0.0	0.3342886	0.22591552	0.67293245	3.330669e-16	0.35764617	0.06746349	0.4974876	0.26117077	28100	-0.022482714	0.023727829	-0.003638812	7.6385215e-05	2.2482727	0.001328423	0.0	4.0	120.63218712806702	195
281	0.39130476	0.22550334	0.73011595	3.330669e-16	3.1304348	17.884615	9.931794	36.0	1.0	0.4307479	0.19196865	0.73011595	3.330669e-16	0.36772728	0.0677039	0.5042305	0.27736667	28200	-0.021469504	0.020786487	-0.0033269934	-0.0002617191	2.1469512	-0.0012174415	0.0	4.0	121.14316320419312	196
282	0.27874464	0.22449785	0.7496768	0.0	2.88	18.592592	9.635041	37.0	4.0	0.28485677	0.213543	0.7496768	0.0	0.35941598	0.06511183	0.4801514	0.27952656	28300	-0.022126466	0.025709672	-0.0023898156	-0.000308658	2.2126484	0.0013663268	0.0	4.0	121.72016406059265	174
283	0.3648585	0.18100123	0.6331672	0.0	2.9166667	20.11111	11.428792	37.0	1.0	0.3735422	0.17332694	0.6331672	0.0	0.37019622	0.07034015	0.50645036	0.2784035	28400	-0.02202192	0.016939702	-0.0033909036	-0.00039342442	2.202192	0.00017722609	0.0	4.0	122.27693581581116	180
284	0.2961297	0.23502868	0.7185691	0.0	3.173913	18.592592	10.015762	35.0	1.0	0.31361935	0.22822973	0.7185691	0.0	0.34598458	0.060159948	0.48661074	0.27106416	28500	-0.021722615	0.025368817	-0.002524037	-0.0005881842	2.1722603	0.00089821336	0.0	4.0	122.8019642829895	191
285	0.35367885	0.20255828	0.7169889	2.220446e-16	2.6153846	16.5	12.835498	37.0	1.0	0.37421513	0.18262191	0.7169889	2.220446e-16	0.33196557	0.05534549	0.47042227	0.2293385	28600	-0.022531562	0.016797507	-0.0017566904	0.00026672706	2.2531552	-0.00049540284	0.0	4.0	123.34737253189087	184
286	0.33560115	0.18348327	0.7348617	1.5308938e-06	2.4642856	18.866667	10.210235	37.0	1.0	0.36623457	0.16329172	0.7348617	1.5308938e-06	0.32190654	0.048819534	0.4490219	0.2420076	28700	-0.022522539	0.013333548	-0.0020454153	-0.0001790754	2.252254	0.0007312369	0.0	4.0	124.00666570663452	152
287	0.44991514	0.16681653	0.74833024	0.10363056	3.0833333	21.23077	10.551368	37.0	0.0	0.46798852	0.16289908	0.74833024	0.10363056	0.33341354	0.054325443	0.47961792	0.26446462	28800	-0.021348279	0.023149084	-0.0024489164	-0.002607397	2.1348236	-0.00044479608	0.0	4.0	124.55810809135437	183
288	0.34812617	0.18130049	0.6411294	0.0	2.96	14.115385	9.920169	35.0	0.0	0.36214712	0.17393012	0.6411294	0.0	0.35840338	0.06390178	0.48837253	0.24462292	28900	-0.021760507	0.015295676	-0.0019388469	0.0005192448	2.1760538	0.00029381516	0.0	4.0	125.12978172302246	175
289	0.39528576	0.18700927	0.6514642	0.0	3.4761906	19.958334	10.521721	35.0	4.0	0.38155517	0.19263768	0.6514642	0.0	0.3838212	0.068054385	0.5121373	0.28706	29000	-0.021100793	0.021086045	-0.00755696	-5.2650226e-05	2.1100805	0.0024443483	0.0	4.0	125.58697009086609	219
290	0.31569627	0.20675296	0.690594	0.0	3.0416667	16.037037	12.653448	37.0	0.0	0.33183455	0.21297121	0.690594	0.0	0.377437	0.0688306	0.5144965	0.2750169	29100	-0.021378063	0.024297904	-0.0028323592	-0.00080233254	2.137809	0.0020374989	0.0	4.0	126.14175367355347	180
291	0.29407275	0.25065422	0.67947656	3.330669e-16	2.3846154	16.266666	12.342159	37.0	0.0	0.34259644	0.23250407	0.67947656	3.330669e-16	0.36135846	0.061344013	0.49154827	0.28666013	29200	-0.022641063	0.024918292	-0.0012740195	-0.00017718878	2.2640991	-0.0010489749	0.0	4.0	126.67585611343384	188
292	0.36596942	0.18651398	0.72215545	3.330669e-16	2.8695652	22.25926	10.247286	37.0	1.0	0.39150107	0.17253426	0.72215545	3.330669e-16	0.34696102	0.055724714	0.4677267	0.2670865	29300	-0.021830179	0.015847927	-0.0023366474	0.00016168447	2.1830156	-0.00036482097	0.0	4.0	127.25889706611633	172
293	0.33993244	0.17204954	0.64763445	0.0	3.125	17.961538	11.026126	36.0	1.0	0.343278	0.16436611	0.64763445	0.0	0.35006222	0.058304686	0.48570555	0.26048908	29400	-0.02135016	0.0143062975	-0.0026602987	2.9215007e-06	2.1350152	4.3020234e-05	0.0	4.0	127.86736416816711	165
294	0.34637257	0.24256778	0.76834166	0.0	3.4545455	15.583333	11.937046	37.0	0.0	0.37057036	0.23416503	0.76834166	0.0	0.34286767	0.050688762	0.4528199	0.2537031	29500	-0.020729579	0.027607692	-0.002826923	-4.7615147e-05	2.072959	0.0014116334	0.0	4.0	128.37664890289307	197
295	0.26761928	0.20420867	0.698537	0.0	2.9583333	18.925926	8.964646	37.0	1.0	0.27059585	0.19913453	0.698537	0.0	0.3502497	0.06290938	0.5002119	0.22930308	29600	-0.021736886	0.02099524	-0.0026134714	-0.0006636495	2.1736908	0.00064571144	0.0	4.0	128.79995131492615	238
296	0.264787	0.2201964	0.6875834	0.0	2.64	20.034483	11.675151	36.0	1.0	0.27881125	0.20712441	0.6875834	0.0	0.3408969	0.05559887	0.48174652	0.24160835	29700	-0.021669433	0.022375245	-0.0038629845	-0.0011425237	2.166947	0.00076192373	0.0	4.0	129.28104853630066	208
297	0.2999871	0.18158719	0.71962446	2.220446e-16	2.4615386	18.241379	11.149935	37.0	0.0	0.31077185	0.18156281	0.71962446	2.220446e-16	0.31883085	0.049993236	0.4569873	0.21049042	29800	-0.021943405	0.015077364	-0.0021528509	0.00014546502	2.194343	0.00035810712	0.0	4.0	129.95267963409424	149
298	0.3451117	0.20832331	0.8450723	0.0	2.8	21.777779	11.808137	37.0	0.0	0.36158726	0.21869694	0.8450723	0.0	0.29359794	0.053447988	0.41885713	0.14069624	29900	-0.021156043	0.026810851	-0.0034205206	-0.00030647614	2.1156027	0.0016481208	0.0	4.0	130.5603723526001	166
299	0.29839018	0.18581402	0.6595896	0.0	2.5	17.275862	9.797594	37.0	0.0	0.31822082	0.18403082	0.6595896	0.0	0.31045923	0.057769854	0.4452721	0.12890613	30000	-0.02160807	0.018635798	-0.0025215377	-0.00042040856	2.1608043	-0.00070142024	0.0	4.0	131.17862820625305	162
