Epoch	AverageEpRet	StdEpRet	MaxEpRet	MinEpRet	EpLen	AverageAct	StdAct	MaxAct	MinAct	AverageRetBuf	StdRetBuf	MaxRetBuf	MinRetBuf	AverageVVals	StdVVals	MaxVVals	MinVVals	TotalEnvInteracts	LossPi	LossV	DeltaLossPi	DeltaLossV	Entropy	KL	ClipFrac	StopIter	Time	FPS
0	0.81464285	0.9267104	2.9825828	0.0	3.8534484	22.450644	13.736903	47.0	0.0	0.6488565	0.89443296	2.9825828	0.0	0.06505866	0.013171896	0.1070413	0.01719895	1000	-0.019068502	0.5698715	-0.0013934188	-0.0031761527	1.906844	0.0001385107	0.0	4.0	20.86553454399109	47
1	0.86096597	0.91958654	2.994145	0.0	3.6514523	23.008265	13.557039	47.0	0.0	0.65899354	0.8766658	2.994145	0.0	0.07105431	0.012682334	0.11867833	0.027355194	2000	-0.01905398	0.5567516	-0.0013536029	-0.0030953884	1.9054012	8.098268e-05	0.0	4.0	42.32650589942932	46
2	0.89658225	0.9125492	2.5558193	0.0	3.7046413	24.264706	13.438989	47.0	0.0	0.7245879	0.89366925	2.5558193	0.0	0.07862195	0.012490827	0.11920962	0.03853578	3000	-0.019059215	0.6081023	-0.001272615	-0.003526628	1.9059185	2.5499821e-05	0.0	4.0	63.85437083244324	46
3	0.9296476	0.9194391	2.8924341	0.0	3.6182573	22.545454	13.429953	47.0	0.0	0.74219114	0.9021402	2.8924341	0.0	0.086397916	0.013023607	0.13710877	0.04926934	4000	-0.019052446	0.6224361	-0.0012610499	-0.003591001	1.9052399	-1.358366e-05	0.0	4.0	86.65673112869263	43
4	0.86891055	0.92729217	2.93354	0.0	3.6528926	23.433884	12.99069	47.0	0.0	0.67075837	0.8949282	2.93354	0.0	0.09508029	0.012769147	0.13942894	0.05525297	5000	-0.019051438	0.5674517	-0.0012973994	-0.0030730963	1.9051391	9.6875665e-05	0.0	4.0	108.97319340705872	44
5	0.9716295	0.9281326	2.8238823	0.0	3.5596707	23.782787	13.993776	47.0	0.0	0.79233986	0.92398036	2.8238823	0.0	0.10045604	0.013343593	0.14750576	0.054771602	6000	-0.019047085	0.66722894	-0.0012123659	-0.0037522912	1.9047154	-7.181215e-05	0.0	4.0	130.6718602180481	46
6	0.90064335	0.91411966	2.6308317	0.0	3.623967	24.946281	13.344809	47.0	0.0	0.71782845	0.895295	2.6308317	0.0	0.108266816	0.013873224	0.16045097	0.06975517	7000	-0.019049352	0.58762246	-0.0012563262	-0.0032818317	1.9049344	-7.400513e-07	0.0	4.0	152.82176995277405	45
7	0.9797985	0.94431585	2.9725192	0.0	3.5785124	24.09465	13.773719	47.0	0.0	0.793191	0.9330175	2.9725192	0.0	0.11506911	0.014312639	0.16892737	0.070324495	8000	-0.019046547	0.6665426	-0.0013283752	-0.0037275553	1.9046562	-3.7701608e-05	0.0	4.0	175.7118911743164	43
8	0.86510295	0.908767	2.6634762	0.0	3.5942624	24.689796	14.591922	47.0	0.0	0.66324216	0.8730636	2.6634762	0.0	0.12308956	0.016004782	0.18503292	0.083342955	9000	-0.019041868	0.52980626	-0.001358293	-0.0028098822	1.9041895	6.185198e-05	0.0	4.0	196.0633897781372	49
9	0.88973594	0.8923134	2.722919	0.0	3.5925925	23.40164	14.244735	47.0	0.0	0.7029061	0.86805993	2.722919	0.0	0.12956624	0.016662493	0.19276373	0.08997838	10000	-0.019042326	0.5433542	-0.0013521686	-0.0029752254	1.904233	5.3181648e-06	0.0	4.0	217.1100673675537	47
10	0.92570955	0.91168404	2.8907125	0.0	3.522267	23.282259	13.417046	47.0	0.0	0.7203202	0.8898453	2.8907125	0.0	0.13650315	0.01827071	0.19401553	0.091404796	11000	-0.019034438	0.5697511	-0.0014406946	-0.0029671192	1.9034493	-5.8984756e-07	0.0	4.0	238.13045239448547	47
11	0.8939107	0.9080839	2.5570395	0.0	3.6736403	23.645834	14.226574	47.0	0.0	0.71062356	0.8837527	2.5570395	0.0	0.14270453	0.017969327	0.20828167	0.10453123	12000	-0.019045433	0.55336976	-0.0014526509	-0.0029723048	1.9045401	1.8084049e-05	0.0	4.0	259.03862833976746	47
12	0.94344014	0.91372824	2.5175343	0.0	3.6058092	23.86777	14.326156	47.0	0.0	0.7680129	0.9036295	2.5175343	0.0	0.15068433	0.020304805	0.21266869	0.11028913	13000	-0.019040324	0.6011457	-0.0013998505	-0.003295064	1.9040337	1.0533333e-05	0.0	4.0	282.1333558559418	43
13	0.9561793	0.9237731	2.7985632	0.0	3.456	23.314741	13.823321	47.0	0.0	0.7325789	0.9000254	2.7985632	0.0	0.15703589	0.020946587	0.21856065	0.11697519	14000	-0.019025613	0.57465494	-0.0015465431	-0.003015399	1.902561	-5.4516793e-05	0.0	4.0	304.67407178878784	44
14	0.8769948	0.91171485	2.8178737	0.0	3.6890757	23.16318	13.993219	47.0	0.0	0.7007957	0.89296025	2.8178737	0.0	0.16596693	0.023649696	0.23262152	0.12363639	15000	-0.019041408	0.5448303	-0.0014488325	-0.002861619	1.9041404	0.00011685181	0.0	4.0	324.7162227630615	50
15	0.93311	0.9181069	2.5936322	0.0	3.6182573	22.22314	13.4210205	47.0	0.0	0.7475359	0.9019531	2.5936322	0.0	0.17233282	0.024682919	0.24358141	0.12999772	16000	-0.019034706	0.5772425	-0.0014683884	-0.00302732	1.9034767	7.580328e-05	0.0	4.0	345.3907902240753	48
16	0.96840566	0.91184866	2.8272457	0.0	3.4898787	22.754032	14.066374	47.0	0.0	0.7707746	0.9019076	2.8272457	0.0	0.1791682	0.026235506	0.2520327	0.13629779	17000	-0.019023066	0.5858979	-0.0015540123	-0.0031974316	1.9022995	3.4780503e-05	0.0	4.0	366.24736738204956	48
17	0.94680864	0.906892	2.5887341	0.0	3.5720165	23.397541	13.716156	47.0	0.0	0.7644941	0.8947328	2.5887341	0.0	0.18778314	0.028273769	0.26623064	0.1435333	18000	-0.019026082	0.57197434	-0.0015735701	-0.0031971931	1.9026084	4.921198e-05	0.0	4.0	387.6060166358948	46
18	0.8947278	0.8940302	2.37359	0.0	3.6115704	23.004116	13.3220625	47.0	0.0	0.7019095	0.86733305	2.37359	0.0	0.19441171	0.030296976	0.2738862	0.1490987	19000	-0.019024651	0.51028097	-0.0016528536	-0.0027478933	1.9024637	0.00011603641	0.0	4.0	408.8393943309784	47
19	1.0540189	0.8815249	2.7014546	0.0	3.3650794	24.181818	13.614053	47.0	0.0	0.8641149	0.8925509	2.7014546	0.0	0.20050992	0.03056553	0.2765115	0.15559688	20000	-0.019007057	0.62417865	-0.001661431	-0.0038135648	1.900704	-0.00019567489	0.0	4.0	431.2960011959076	44
20	1.0313222	0.8947008	2.7606747	0.0	3.439516	24.674698	13.6609335	47.0	0.0	0.8517754	0.90263295	2.7606747	0.0	0.20968528	0.033874094	0.3083704	0.16454735	21000	-0.019009182	0.62065655	-0.0017992146	-0.0039585233	1.9009137	-7.5570584e-05	0.0	4.0	453.84602308273315	44
21	0.9928051	0.9296195	2.8939543	0.0	3.5785124	23.563786	13.98526	47.0	0.0	0.820497	0.92698634	2.8939543	0.0	0.21843341	0.035117406	0.30326906	0.16970441	22000	-0.019014712	0.61736715	-0.0017729886	-0.003829658	1.9014747	5.74131e-05	0.0	4.0	477.36823296546936	42
22	0.9870793	0.89888585	2.5498457	0.0	3.4736843	23.044355	13.240107	47.0	0.0	0.7953068	0.88945025	2.5498457	0.0	0.22688596	0.037561398	0.31457278	0.17493153	23000	-0.019003622	0.56412226	-0.0018256139	-0.0035199523	1.9003619	4.9334525e-05	0.0	4.0	501.2799780368805	41
23	1.0790143	0.9018159	2.920026	0.0	3.3307087	23.560783	13.877165	47.0	0.0	0.8749948	0.91034174	2.920026	0.0	0.23500037	0.040991735	0.33800417	0.18010387	24000	-0.018988563	0.62786275	-0.002023261	-0.004065573	1.8988597	-0.00014199973	0.0	4.0	525.4954934120178	41
24	0.9537344	0.9226596	2.7836132	0.0	3.590909	22.748972	13.914153	47.0	0.0	0.7641167	0.90668154	2.7836132	0.0	0.24514922	0.042558227	0.34335932	0.18537703	25000	-0.01900059	0.5541162	-0.0019899607	-0.0032587647	1.900058	0.0001525631	0.0	4.0	547.1641464233398	46
25	1.124728	0.89512527	2.8290215	0.0	3.3585658	23.011951	12.69485	47.0	0.0	0.95257324	0.91919416	2.8290215	0.0	0.25388658	0.045767557	0.35697216	0.19055253	26000	-0.018984374	0.6747741	-0.00206176	-0.0047488213	1.8984354	-0.00018049622	0.0	4.0	569.9602053165436	43
26	1.1417277	0.87801015	2.862107	0.0	3.2578125	24.498055	14.1248255	47.0	0.0	0.9565811	0.90569144	2.862107	0.0	0.2602647	0.04704825	0.36705792	0.19595017	27000	-0.018971577	0.6612723	-0.0021956246	-0.0050225854	1.8971549	-0.00028709602	0.0	4.0	592.7537665367126	44
27	1.0626084	0.90633553	2.7904465	0.0	3.4493928	24.481781	13.334025	47.0	0.0	0.88378036	0.9148844	2.7904465	0.0	0.2744858	0.051095787	0.3869934	0.20170277	28000	-0.018977737	0.61377716	-0.0022155605	-0.004508674	1.897773	3.245497e-05	0.0	4.0	616.0981202125549	42
28	0.945697	0.90014213	2.6450434	0.0	3.5387754	24.455284	13.814245	47.0	0.0	0.75146	0.88298166	2.6450434	0.0	0.28425887	0.05374301	0.4163351	0.20749396	29000	-0.018973151	0.511558	-0.0023772083	-0.00303334	1.8973167	0.0002961459	0.0	4.0	640.3964951038361	41
29	1.0973798	0.8859642	2.6527643	0.0	3.2519379	24.359074	13.704494	47.0	0.0	0.88993907	0.9053552	2.6527643	0.0	0.29307702	0.058199886	0.43638265	0.21289454	30000	-0.01894643	0.60233223	-0.0024696477	-0.0039126277	1.8946434	-1.7442704e-05	0.0	4.0	665.9119379520416	39
30	0.97564596	0.90679723	2.5250707	0.0	3.48583	23.955645	14.04809	47.0	0.0	0.7881026	0.9029807	2.5250707	0.0	0.30327603	0.05993594	0.43111983	0.21820809	31000	-0.018954588	0.5369066	-0.0024483036	-0.0031170845	1.8954598	0.00022565795	0.0	4.0	691.1471910476685	39
31	1.0487905	0.908679	2.6988022	0.0	3.3543308	22.574802	13.867494	47.0	0.0	0.8416336	0.91449594	2.6988022	0.0	0.31316033	0.06390107	0.4423215	0.22341698	32000	-0.018936928	0.5734995	-0.0027009752	-0.0033346415	1.8936952	6.596231e-05	0.0	4.0	717.8490195274353	37
32	1.0690583	0.8943481	2.6634762	0.0	3.2625482	24.011583	13.179334	47.0	0.0	0.85191715	0.9006263	2.6634762	0.0	0.32052386	0.06588016	0.4736681	0.22855973	33000	-0.018922273	0.56267756	-0.002887845	-0.0033487678	1.8922249	9.461069e-05	0.0	4.0	745.1065895557404	36
33	1.1011953	0.88631195	2.780578	0.0	3.3280632	24.578741	12.856556	47.0	0.0	0.92400616	0.9098525	2.780578	0.0	0.332583	0.070101514	0.47148862	0.23375276	34000	-0.01891778	0.60420483	-0.0027450025	-0.0041627884	1.8917847	-5.140066e-05	0.0	4.0	772.1062898635864	37
34	1.1531156	0.91158277	2.9529684	0.0	3.2529182	22.828794	13.809779	47.0	0.0	0.9621694	0.9346931	2.9529684	0.0	0.3395395	0.072339244	0.49319673	0.2391735	35000	-0.01890489	0.6481115	-0.0028825328	-0.0045984983	1.890493	-0.00014969349	0.0	4.0	799.041873216629	37
35	1.0831451	0.88746053	2.8656642	0.0	3.28125	24.404669	13.78573	47.0	0.0	0.88562864	0.9064587	2.8656642	0.0	0.3525421	0.077535495	0.51432765	0.24491864	36000	-0.018892149	0.5726163	-0.0029410888	-0.0038595796	1.8892121	0.0001819067	0.0	4.0	829.248565196991	33
36	1.0994583	0.8950162	2.6761055	0.0	3.2684824	22.996124	14.060362	47.0	0.0	0.8978766	0.9125312	2.6761055	0.0	0.36380416	0.08162131	0.52859324	0.25069594	37000	-0.018876143	0.57842016	-0.0031372383	-0.0038526058	1.8876195	0.00015117598	0.0	4.0	856.4870235919952	36
37	1.173241	0.8719473	2.681444	0.0	3.1564887	23.494297	14.028724	47.0	0.0	0.97423756	0.90474355	2.681444	0.0	0.37282437	0.084780246	0.5531204	0.25641054	38000	-0.018856956	0.6106103	-0.0033575594	-0.004585147	1.8856982	-8.3473205e-05	0.0	4.0	883.8492918014526	36
38	1.1992058	0.87832946	3.0667899	0.0	3.229572	23.836576	13.72962	47.0	0.0	1.0303916	0.92302495	3.0667899	0.0	0.38611382	0.08899782	0.5793885	0.26231408	39000	-0.018852007	0.65382814	-0.0032559372	-0.005511701	1.8852031	4.1778563e-05	0.0	4.0	911.1207687854767	36
39	1.2404401	0.8796021	2.9882736	0.0	3.1136363	23.818182	13.761948	47.0	0.0	1.0528997	0.92916894	2.9882736	0.0	0.39781135	0.093861155	0.60496336	0.2686044	40000	-0.01882482	0.6690728	-0.0035155509	-0.005876124	1.8824761	-0.00023169852	0.0	4.0	939.4256842136383	35
40	1.1823508	0.86832005	2.7497032	0.0	3.157088	22.656488	14.012683	47.0	0.0	0.98846257	0.9028969	2.7497032	0.0	0.41235477	0.09990178	0.62796175	0.275261	41000	-0.018808007	0.6014318	-0.0037578363	-0.004960537	1.8808099	3.9926053e-05	0.0	4.0	966.4690587520599	37
41	1.1596146	0.8837777	2.8421056	0.0	3.2588236	25.175781	13.696928	47.0	0.0	0.98203224	0.9165191	2.8421056	0.0	0.42868283	0.10461862	0.65884656	0.2819436	42000	-0.018794322	0.5981551	-0.0037902575	-0.0048896074	1.8794379	0.00027864886	0.0	4.0	992.3835361003876	38
42	1.1953591	0.8532949	2.6450434	0.0	3.0524344	23.727612	14.519559	47.0	0.0	1.0054375	0.89112234	2.6450434	0.0	0.43892205	0.11075021	0.6689601	0.2885141	43000	-0.018758455	0.5879892	-0.0040722247	-0.004760802	1.8758447	2.5093079e-05	0.0	4.0	1018.482479095459	38
43	1.1754942	0.8685488	2.6634762	0.0	3.1444867	23.239544	13.462793	47.0	0.0	0.98057187	0.90581197	2.6634762	0.0	0.45368624	0.11541198	0.6853967	0.2950502	44000	-0.018741464	0.58107823	-0.0041902084	-0.0042749047	1.8741487	0.0003890996	0.0	4.0	1046.2157561779022	36
44	1.2579606	0.85575473	2.5809667	0.0	3.0601504	23.00376	14.590011	47.0	0.0	1.0776297	0.9045678	2.5809667	0.0	0.46829727	0.12292632	0.71825445	0.3014918	45000	-0.01870936	0.6280997	-0.0042053442	-0.0054031014	1.8709373	-2.6874543e-05	0.0	4.0	1074.9473097324371	34
45	1.2867846	0.8325872	2.6634762	0.0	2.9160583	24.683636	12.998947	47.0	1.0	1.1020716	0.8909438	2.6634762	0.0	0.47624606	0.12640204	0.7767107	0.3081286	46000	-0.018680457	0.6285573	-0.004329201	-0.005699098	1.8680522	-0.00028202485	0.0	4.0	1106.67870926857	31
46	1.2667326	0.8576998	2.6456134	0.0	3.022388	23.171003	13.459581	47.0	0.0	1.076411	0.9057995	2.6456134	0.0	0.4963729	0.13391009	0.7759507	0.31510344	47000	-0.01865094	0.61618656	-0.0047458094	-0.0053696036	1.8650905	0.00023860883	0.0	4.0	1147.066551208496	24
47	1.3432958	0.7827426	2.5558193	0.0	2.8273382	24.197132	13.117904	47.0	0.0	1.1740127	0.8546608	2.5558193	0.0	0.50496423	0.13944903	0.79165787	0.32221636	48000	-0.01861468	0.6259464	-0.004615877	-0.0067760944	1.8614671	-0.00045480728	0.0	4.0	1177.7623889446259	32
48	1.2555095	0.83565015	2.821309	0.0	2.9962826	22.537037	13.433117	47.0	0.0	1.0709661	0.8897331	2.821309	0.0	0.5267329	0.14717712	0.83720344	0.32966855	49000	-0.01858089	0.58430564	-0.0051786657	-0.005214572	1.8580915	0.00039036275	0.0	4.0	1201.6514506340027	41
49	1.4464796	0.751938	2.7169774	0.0	2.8639705	23.996338	13.868957	47.0	0.0	1.3098032	0.8255945	2.7169774	0.0	0.5399706	0.15252352	0.85610306	0.33712447	50000	-0.01854141	0.6734519	-0.004593689	-0.009120703	1.8541337	-0.00063449907	0.0	4.0	1227.0287714004517	39
