Epoch	AverageEpRet	StdEpRet	MaxEpRet	MinEpRet	EpLen	AverageAct	StdAct	MaxAct	MinAct	AverageRetBuf	StdRetBuf	MaxRetBuf	MinRetBuf	AverageVVals	StdVVals	MaxVVals	MinVVals	TotalEnvInteracts	LossPi	LossV	DeltaLossPi	DeltaLossV	Entropy	KL	ClipFrac	StopIter	Time	FPS
0	0.06657914	0.1185218	0.3991144	0.0	4.7777777	15.428572	9.931055	33.0	0.0	0.048579033	0.09512319	0.3991144	0.0	0.06682692	0.014824358	0.09982218	0.02651076	100	-0.028159834	0.004720749	-0.0022843056	-9.45802e-05	2.8159852	0.00020200253	0.0	4.0	0.321613073348999	310
1	0.08902535	0.16193439	0.5033235	-0.022783477	4.7777777	15.409091	11.324387	35.0	0.0	0.057977404	0.13696219	0.5033235	-0.022783477	0.06294006	0.01652774	0.107880965	0.011445582	200	-0.028154023	0.009287062	-0.0014864244	-2.9180344e-05	2.815401	0.00019272804	0.0	4.0	0.5881259441375732	378
2	0.08189917	0.17069426	0.5296034	0.0	4.3333335	17.681818	9.992663	37.0	0.0	0.08131175	0.16660479	0.5296034	0.0	0.054228183	0.016469773	0.090329625	0.016004264	300	-0.028154228	0.014022534	-0.0011972685	-3.9957435e-05	2.8154259	-1.1806485e-05	0.0	4.0	0.9370179176330566	288
3	0.03572505	0.1376649	0.5688929	0.0	5.1875	19.65	9.976347	37.0	6.0	0.02924819	0.111880265	0.5688929	0.0	0.05421606	0.015053739	0.083384715	0.0073771924	400	-0.028165326	0.006306451	-0.0009214636	-5.073205e-06	2.816535	0.0002502823	0.0	4.0	1.2383801937103271	335
4	0.14808932	0.23112495	0.62684464	0.0	4.736842	14.954545	8.578394	28.0	1.0	0.118933916	0.22709833	0.62684464	0.0	0.054466672	0.01677793	0.1019578	0.016846165	500	-0.028153688	0.028058058	-0.0013731383	-0.0001120425	2.8153691	0.00010997773	0.0	4.0	1.7145185470581055	212
5	0.07565169	0.19418705	0.7731371	0.0	5.3125	17.2	11.914697	37.0	0.0	0.07653141	0.18955277	0.7731371	0.0	0.058931638	0.01686199	0.099615715	0.01836954	600	-0.0281635	0.01917032	-0.00089797564	-6.1898376e-05	2.81635	1.8849376e-05	0.0	4.0	2.1067256927490234	256
6	0.029807907	0.11328345	0.46850717	0.0	5.625	20.8	9.599999	36.0	6.0	0.031474885	0.11101697	0.46850717	0.0	0.062909596	0.015142826	0.11089604	0.025979277	700	-0.028163865	0.006978996	-0.0010330565	1.791399e-05	2.8163848	0.00019416332	0.0	4.0	2.497753858566284	258
7	0.1026991	0.18523541	0.53415066	0.0	4.9411764	14.857142	10.842094	37.0	1.0	0.09147611	0.17319499	0.53415066	0.0	0.06171162	0.017358586	0.10990619	0.010120638	800	-0.028157026	0.014841879	-0.00092173927	-2.8970418e-05	2.8157012	0.00022065162	0.0	4.0	2.8740012645721436	268
8	0.059641097	0.10733527	0.33512023	0.0	4.6666665	16.772728	10.727755	32.0	1.0	0.04576864	0.090642445	0.33512023	0.0	0.06609695	0.015900213	0.110012546	0.02723413	900	-0.028151102	0.004369242	-0.0011797752	3.831985e-06	2.8151126	0.00014733314	0.0	4.0	3.1933603286743164	316
9	0.09039584	0.17773627	0.6298226	0.0	5.352941	18.0	11.1040535	37.0	0.0	0.06907855	0.15529309	0.6298226	0.0	0.06572159	0.015091545	0.10054375	0.028001312	1000	-0.028162174	0.012600493	-0.0011516586	-1.7253944e-05	2.8162155	-9.207724e-06	0.0	4.0	3.4682297706604004	368
10	0.041660964	0.107103564	0.45676002	0.0	4.7058825	23.952381	7.2471747	36.0	8.0	0.035459302	0.0899396	0.45676002	0.0	0.06474915	0.01459793	0.09557141	0.024097722	1100	-0.028154999	0.004492718	-0.0009059794	-4.091946e-05	2.8154972	3.8108832e-05	0.0	4.0	3.7751548290252686	328
11	0.06972736	0.14642069	0.5107881	0.0	5.117647	21.857143	9.721286	35.0	6.0	0.05099645	0.1277508	0.5107881	0.0	0.057254124	0.015662452	0.099697486	0.018247478	1200	-0.02815386	0.0076761814	-0.001143604	-1.890777e-05	2.8153872	1.54972e-05	0.0	4.0	4.0303332805633545	395
12	0.019016724	0.06328647	0.26944745	0.0	5.117647	22.571428	10.692994	37.0	2.0	0.01004163	0.03918947	0.26944745	0.0	0.058731306	0.014260518	0.094163604	0.026065331	1300	-0.028152563	0.0019950056	-0.0009846124	-0.0001465175	2.8152628	0.0003202343	0.0	4.0	4.26852822303772	423
13	0.09234348	0.15119153	0.4666893	0.0	4.6666665	12.809524	12.496166	37.0	0.0	0.08218252	0.13714057	0.4666893	0.0	0.052857924	0.016842544	0.0904146	0.0045798793	1400	-0.02815162	0.010077955	-0.0007358566	5.250689e-05	2.8151627	-0.00022960186	0.0	4.0	4.589864730834961	313
14	0.1156606	0.16556488	0.43171573	0.0	4.6666665	18.238094	10.640913	36.0	1.0	0.09748375	0.15402603	0.43171573	0.0	0.05168118	0.015845442	0.08981532	0.014050297	1500	-0.028149776	0.012734245	-0.0013371296	-6.446484e-05	2.814979	-0.00017180444	0.0	4.0	4.8678879737854	362
15	0.036334764	0.12047768	0.54219484	0.0	4.5789475	18.318182	12.125804	37.0	2.0	0.024730412	0.092923254	0.54219484	0.0	0.0503218	0.015967011	0.08188299	0.012128353	1600	-0.028144684	0.0044578835	-0.00064129476	2.1405052e-05	2.8144689	0.00020710469	0.0	4.0	5.12413763999939	393
16	0.009798117	0.031450324	0.13337335	0.0	4.7058825	18.857143	10.606762	37.0	1.0	0.015722524	0.033686932	0.13337335	0.0	0.0597735	0.01636873	0.093910955	0.01265303	1700	-0.028148994	0.0015000466	-0.0008056974	-7.681514e-05	2.8148966	1.7209059e-05	0.0	4.0	5.387194633483887	383
17	0.09748886	0.17376412	0.47424576	0.0	5.3125	16.6	11.503912	34.0	1.0	0.07938266	0.15671477	0.47424576	0.0	0.054861642	0.015866552	0.096494526	0.0019400194	1800	-0.028153598	0.011980411	-0.0009854697	1.8652325e-05	2.815356	0.00016623497	0.0	4.0	5.644993782043457	390
18	0.14018479	0.18030521	0.5603036	0.0	4.4444447	13.409091	11.715021	37.0	0.0	0.096257724	0.15918148	0.5603036	0.0	0.051973224	0.016376693	0.091772005	0.0028001294	1900	-0.028140098	0.012924589	-0.0014539994	-5.51978e-05	2.8140106	0.00023298265	0.0	4.0	5.984927177429199	295
19	0.030422786	0.10040972	0.42787445	0.0	5.0588236	18.095238	8.980958	33.0	4.0	0.024127819	0.08418837	0.42787445	0.0	0.05382254	0.015899125	0.08745085	0.0011509731	2000	-0.028146625	0.004057603	-0.0009988975	2.1037384e-05	2.814664	7.359982e-05	0.0	4.0	6.212173223495483	443
20	0.054981936	0.114280626	0.40905178	0.0	4.3	15.25	10.993369	36.0	1.0	0.029985206	0.08619961	0.40905178	0.0	0.056668777	0.015701005	0.09215524	0.015524194	2100	-0.028127655	0.0039426656	-0.00105392	-3.755308e-05	2.8127666	7.013322e-05	0.0	4.0	6.606064796447754	255
21	0.06691851	0.14465234	0.5614796	0.0	4.7222223	18.818182	12.506858	36.0	1.0	0.052955434	0.13167085	0.5614796	0.0	0.05059368	0.015532206	0.07981219	0.004586473	2200	-0.02813749	0.008414895	-0.0010218024	-3.49959e-06	2.8137407	-6.508353e-05	0.0	4.0	6.975542783737183	272
22	0.022108434	0.06319416	0.26660258	0.0	5.2352943	18.333334	11.614167	37.0	0.0	0.014901435	0.047055177	0.26660258	0.0	0.052605953	0.014183364	0.09508245	0.014634766	2300	-0.02814141	0.0019576852	-0.0010144822	-8.361737e-05	2.8141418	0.00011070252	0.0	4.0	7.29283332824707	317
23	0.080962375	0.13855556	0.37624267	0.0	4.6875	18.85	11.538089	37.0	3.0	0.056736697	0.11379756	0.37624267	0.0	0.045706302	0.01621356	0.07960731	0.01125887	2400	-0.028145157	0.0063853897	-0.0012816787	1.579475e-05	2.8145146	4.945279e-05	0.0	4.0	7.599917888641357	328
24	0.09410823	0.15640324	0.5852107	0.0	3.857143	17.708334	9.444924	36.0	1.0	0.08305888	0.15413769	0.5852107	0.0	0.04419819	0.014900407	0.076279454	0.01037319	2500	-0.028121091	0.012332685	-0.0011726338	-2.2522348e-05	2.8121133	-0.0002270031	0.0	4.0	7.908183336257935	326
25	0.11436825	0.16123308	0.40867087	0.0	4.111111	19.045454	11.25521	37.0	2.0	0.08348162	0.1318414	0.40867087	0.0	0.047728006	0.017286919	0.086517826	0.0122240335	2600	-0.028129645	0.008614066	-0.0014188588	-8.749233e-05	2.8129635	-0.00027131557	0.0	4.0	8.246163606643677	297
26	0.050235063	0.10519631	0.31569934	0.0	5.117647	21.333334	10.669642	37.0	3.0	0.041420747	0.0935376	0.31569934	0.0	0.04753586	0.017866509	0.08714938	0.0072525814	2700	-0.028134167	0.004433375	-0.0010887841	9.716619e-06	2.8134186	8.725643e-05	0.0	4.0	8.623552799224854	266
27	0.026761305	0.07608132	0.33068585	0.0	5.111111	19.619047	10.115882	35.0	2.0	0.021755127	0.0661008	0.33068585	0.0	0.050692677	0.017386233	0.09418165	-0.0007565543	2800	-0.028133854	0.002596992	-0.0010815635	-4.829184e-06	2.8133893	0.00025348188	0.0	4.0	9.116219997406006	205
28	0.0621111	0.11121754	0.3707112	0.0	4.5555553	16.666666	11.348729	37.0	0.0	0.050448857	0.09721488	0.3707112	0.0	0.050232697	0.017035125	0.08176215	0.011225708	2900	-0.028131299	0.0044015655	-0.001147361	-5.687878e-06	2.8131294	-3.489018e-05	0.0	4.0	9.497959852218628	263
29	0.08386935	0.17754565	0.7016642	0.0	4.7222223	16.666666	10.633879	36.0	0.0	0.07390434	0.17640449	0.7016642	0.0	0.049109522	0.014581702	0.09006807	0.012478128	3000	-0.028128237	0.015956864	-0.0009067189	-1.5805912e-05	2.8128204	-3.0841824e-05	0.0	4.0	9.845178842544556	289
30	0.005066627	0.01566571	0.06625737	0.0	5.117647	19.904762	9.903846	37.0	1.0	0.0068242718	0.018922126	0.07497614	-0.001889728	0.05027192	0.01564133	0.08457507	0.007702939	3100	-0.028126653	0.0012232008	-0.0010935408	-2.8796552e-05	2.812664	0.00016073704	0.0	4.0	10.092411994934082	411
31	0.06193855	0.13109674	0.40945297	0.0	5.111111	20.0	10.383137	34.0	4.0	0.036180776	0.10211237	0.40945297	0.0	0.05300289	0.016465547	0.09312269	0.0050406083	3200	-0.02812481	0.005231934	-0.0010644719	-4.6427478e-05	2.81248	0.00020201682	0.0	4.0	10.37083888053894	361
32	0.0014100499	0.0042711203	0.017306747	0.0	5.4117646	15.6	9.46784	31.0	1.0	0.003118433	0.010196341	0.054529134	0.0	0.04713886	0.017548617	0.087755725	0.011797518	3300	-0.028128393	0.001177138	-0.00063850917	-0.00014731669	2.8128297	0.00026151657	0.0	4.0	10.613368034362793	416
33	0.09885115	0.21145034	0.71824306	-0.012072926	5.352941	18.6	11.490866	36.0	3.0	0.08508328	0.2039751	0.71824306	-0.012072926	0.040424317	0.018163206	0.08566132	-0.0042693242	3400	-0.028127074	0.022388173	-0.0011703223	4.5706023e-05	2.8127089	-0.00020706654	0.0	4.0	10.964505910873413	286
34	0.046592705	0.09578525	0.33337262	0.0	4.4444447	20.181818	11.259891	37.0	0.0	0.028315563	0.0684341	0.33337262	0.0	0.0432751	0.018898616	0.08238797	-0.0045192987	3500	-0.028114319	0.002552411	-0.0010364475	-6.4990018e-06	2.8114345	7.93171e-05	0.0	4.0	11.363603591918945	253
35	0.020329693	0.07828451	0.32351983	0.0	5.5	18.5	12.375379	37.0	1.0	0.01597927	0.06342278	0.32351983	0.0	0.039988864	0.016683267	0.06591259	-0.012815587	3600	-0.02812159	0.0022649514	-0.0010691043	-3.6612357e-05	2.81216	0.00034643174	0.0	4.0	11.704214096069336	297
36	0.03771405	0.102861494	0.43892136	0.0	5.0	22.1	9.523129	36.0	3.0	0.027530728	0.08639342	0.43892136	0.0	0.03782277	0.015977731	0.06953692	-0.0003010854	3700	-0.028121755	0.003749235	-0.0011183098	-2.142151e-05	2.812176	0.00010133743	0.0	4.0	12.096350193023682	257
37	0.05619896	0.11823024	0.3692955	0.0	5.117647	15.809524	11.910855	37.0	1.0	0.04926752	0.11079169	0.3692955	0.0	0.037588697	0.017333934	0.07529772	-0.0024727657	3800	-0.02811557	0.00610963	-0.0011126585	8.607691e-06	2.8115578	-4.4918066e-05	0.0	4.0	12.436291694641113	296
38	0.015546651	0.044950545	0.18269667	0.0	5.3125	20.5	9.80051	35.0	1.0	0.017667074	0.04431251	0.18269667	0.0	0.035814464	0.01795203	0.07535531	-0.0041481555	3900	-0.028118912	0.0011840621	-0.0010795966	-1.5617836e-05	2.8118947	0.00017396451	0.0	4.0	12.784173250198364	293
39	0.12539965	0.24066629	0.67995924	-0.17629227	4.8333335	15.25	10.401322	33.0	1.0	0.0902299	0.2059962	0.67995924	-0.17629227	0.033585664	0.019996334	0.08274538	-0.016173042	4000	-0.028115168	0.022704832	-0.0010061841	-8.0009224e-05	2.8115163	0.00022669314	0.0	4.0	13.130542039871216	291
40	0.08132073	0.17495503	0.6795577	0.0	4.9444447	20.59091	9.777801	36.0	3.0	0.045880433	0.13262327	0.6795577	0.0	0.03674269	0.016405417	0.07235033	-0.010136113	4100	-0.028103657	0.00885917	-0.001144819	-1.6914899e-05	2.8103645	1.3723369e-05	0.0	4.0	13.429407835006714	339
41	0.07045222	0.13118315	0.4464701	0.0	4.8235292	19.190475	11.479253	35.0	0.0	0.054677512	0.11326397	0.4464701	0.0	0.037878245	0.018497396	0.07657276	-0.0040331334	4200	-0.02810552	0.006803153	-0.0015390143	-4.704982e-05	2.8105512	0.00017806054	0.0	4.0	13.673683166503906	413
42	0.059636705	0.16307758	0.6864693	0.0	4.3157897	21.608696	11.091475	37.0	4.0	0.05892371	0.15901557	0.6864693	0.0	0.04369238	0.016632775	0.07451544	-0.018324263	4300	-0.028092176	0.012926044	-0.001350522	-5.730371e-05	2.8092165	-0.00039244175	0.0	4.0	14.03042721748352	281
43	0.038212012	0.08235966	0.26948267	0.0	4.631579	15.190476	10.706558	32.0	0.0	0.02192497	0.060876887	0.26948267	0.0	0.046209738	0.016602764	0.0860045	0.007455431	4400	-0.028100014	0.0019263651	-0.0012974865	2.275777e-05	2.81	0.00021568299	0.0	4.0	14.41870903968811	260
44	0.053054076	0.1114545	0.33722997	0.0	5.0	18.571428	10.531455	36.0	0.0	0.038112655	0.09070728	0.33722997	0.0	0.046036053	0.01706441	0.08066339	-0.010775857	4500	-0.028096016	0.0041661314	-0.0016358905	-8.760369e-06	2.809601	0.0003276348	0.0	4.0	14.79150390625	270
45	0.14415357	0.20918617	0.57749736	0.0	4.7647057	18.761906	12.618599	37.0	0.0	0.113672204	0.19611883	0.57749736	0.0	0.047250412	0.015866144	0.08250736	0.011569269	4600	-0.028093904	0.021444388	-0.0015363023	-0.0001436015	2.8093934	-0.00012804507	0.0	4.0	15.177482604980469	261
46	0.02019976	0.05342504	0.21596482	0.0	5.1875	13.05	11.753616	36.0	0.0	0.015569115	0.039590307	0.21596482	0.0	0.048877053	0.01585774	0.080692254	-0.0014865026	4700	-0.028094798	0.001400354	-0.00095001515	5.495551e-05	2.809482	-0.00027842523	0.0	4.0	15.486230850219727	326
47	0.041564625	0.09412572	0.37988892	0.0	5.2352943	17.4	10.734989	37.0	2.0	0.023801241	0.0627066	0.37988892	0.0	0.051121637	0.018397674	0.090063386	0.0059187934	4800	-0.02809012	0.0024524294	-0.0009845085	-4.3753767e-05	2.8090184	-7.303238e-05	0.0	4.0	15.84947919845581	277
48	0.064565435	0.11470388	0.40309137	0.0	4.882353	22.0	11.027239	35.0	2.0	0.03832137	0.080167346	0.40309137	0.0	0.04672776	0.01761516	0.09378403	-0.00021266937	4900	-0.028087154	0.0032024411	-0.0016028993	-2.5230198e-05	2.8087182	0.0002737522	0.0	4.0	16.17098832130432	321
49	0.026525455	0.082083	0.33946374	0.0	5.3125	20.65	11.243998	37.0	1.0	0.020820003	0.06683263	0.33946374	0.0	0.042917833	0.017588321	0.08571972	0.006199114	5000	-0.028085545	0.002477468	-0.0011657774	-5.371237e-05	2.8085527	0.0002531767	0.0	4.0	16.4010226726532	439
50	0.120996475	0.18687591	0.53750086	0.0	4.4736843	19.0	9.136644	35.0	2.0	0.07173285	0.15247098	0.53750086	0.0	0.042291947	0.018530918	0.068387166	-0.020016193	5100	-0.028066464	0.011576647	-0.0020139115	1.7483253e-05	2.8066435	-0.00016621113	0.0	4.0	16.68245553970337	359
51	0.0589438	0.12946779	0.39692461	0.0	5.0	18.619047	11.412091	37.0	1.0	0.04120535	0.11293296	0.39692461	0.0	0.04000778	0.018135307	0.07677249	-0.011570573	5200	-0.028071642	0.006329575	-0.0016485639	-7.6273864e-06	2.8071585	0.0002179289	0.0	4.0	17.053826808929443	271
52	0.00936993	0.027714161	0.110002905	0.0	5.3125	17.0	9.549869	32.0	0.0	0.010884325	0.0278614	0.110002905	0.0	0.038435593	0.017435782	0.0814811	-0.005826518	5300	-0.028070651	0.0008459389	-0.0013504857	-3.17909e-05	2.8070636	0.00074356556	0.0	4.0	17.26927399635315	468
53	0.07626094	0.12899461	0.41481808	0.0	5.125	18.25	10.177794	35.0	1.0	0.05641564	0.10916087	0.41481808	0.0	0.03992868	0.018126253	0.07882804	-0.010575682	5400	-0.028067753	0.0059553054	-0.0014251848	1.6392718e-05	2.806776	0.00012860299	0.0	4.0	17.537485122680664	375
54	0.10131249	0.1618524	0.39102817	0.0	4.3333335	17.681818	11.667306	37.0	0.0	0.079833694	0.14266656	0.39102817	0.0	0.038610905	0.01836649	0.07419403	-0.0069569647	5500	-0.028054968	0.01110653	-0.0012119673	-6.9095055e-05	2.8054943	-0.0003236198	0.0	4.0	18.00572681427002	215
55	0.0757796	0.14786164	0.45515084	0.0	5.25	17.45	12.543823	36.0	0.0	0.063970745	0.13775145	0.45515084	0.0	0.039431654	0.016467052	0.0704218	-0.01023753	5600	-0.028061867	0.009900507	-0.0018361267	-9.1824375e-05	2.806191	-4.563808e-05	0.0	4.0	18.34316086769104	299
56	0.056354012	0.11254462	0.41331416	0.0	4.2222223	18.045454	13.319423	37.0	1.0	0.046545986	0.105927095	0.41331416	0.0	0.04516346	0.016984139	0.07763813	0.008758463	5700	-0.028045341	0.005598388	-0.0011394192	-1.7108396e-06	2.804535	0.00026339054	0.0	4.0	18.650434017181396	327
57	0.18342675	0.2621394	0.84307754	0.0	4.4444447	20.90909	10.672433	37.0	0.0	0.16768488	0.24655016	0.84307754	0.0	0.046351966	0.01618115	0.07521983	0.0073057786	5800	-0.028035715	0.038225226	-0.0015258752	-0.0008148195	2.8035724	-0.0006668711	0.0	4.0	18.990010261535645	296
58	0.11957053	0.20326605	0.65073276	0.0	4.6666665	19.666666	6.73536	34.0	7.0	0.09018371	0.1839211	0.65073276	0.0	0.055677358	0.015541129	0.0953249	0.006706327	5900	-0.02804362	0.017632209	-0.0016730055	-0.00024172035	2.8043628	0.00021832468	0.0	4.0	19.284324884414673	343
59	0.1409857	0.1938207	0.5907473	0.0	4.388889	17.047619	9.968886	36.0	0.0	0.12826139	0.18533786	0.5907473	0.0	0.06774536	0.014472102	0.10671185	0.013809964	6000	-0.028032936	0.018946696	-0.0018851832	-0.0004431617	2.803302	-9.0904214e-05	0.0	4.0	19.590038299560547	344
60	0.06432901	0.17297442	0.70038956	0.0	4.7777777	17.666666	10.1387205	35.0	0.0	0.06260553	0.17244396	0.70038956	0.0	0.07713013	0.01271221	0.117311694	0.041196276	6100	-0.028027333	0.015139518	-0.0015389873	7.899379e-05	2.802733	0.0003045702	0.0	4.0	19.838808059692383	405
61	0.07798173	0.15016897	0.54056484	0.0	4.0	18.5	11.82159	37.0	2.0	0.0660847	0.14122543	0.54056484	0.0	0.08316139	0.013112082	0.12059432	0.045749925	6200	-0.028001495	0.010089854	-0.0017585745	3.247842e-05	2.8001502	-5.459762e-06	0.0	4.0	20.185615301132202	290
62	0.05762901	0.116142526	0.36692038	0.0	5.4375	18.6	12.334504	36.0	0.0	0.060356546	0.11371038	0.36692038	0.0	0.08265774	0.016124295	0.12077357	0.038347516	6300	-0.028011829	0.0063362923	-0.0019962117	-1.699652e-05	2.8011832	0.0006065893	0.0	4.0	20.476197481155396	346
63	0.0851107	0.15480281	0.4506619	0.0	4.888889	14.863636	11.752352	34.0	1.0	0.069429725	0.14261952	0.4506619	0.0	0.08558591	0.012579325	0.124525726	0.047490545	6400	-0.02800119	0.01042413	-0.0021891557	-4.0442566e-05	2.8001184	0.0004401731	0.0	4.0	20.77833604812622	333
64	0.112843625	0.22234486	0.67946786	0.0	4.3157897	16.47826	10.55779	36.0	0.0	0.10812991	0.21739449	0.67946786	0.0	0.08265002	0.013164628	0.11255939	0.046998832	6500	-0.027990937	0.02386126	-0.002047725	-7.254421e-06	2.7990956	5.9437793e-05	0.0	4.0	21.06544303894043	350
65	0.078662045	0.14477779	0.52186745	0.0	4.0555553	19.90909	10.426841	37.0	1.0	0.06906598	0.12610829	0.52186745	0.0	0.0797835	0.012303617	0.11585948	0.049849752	6600	-0.027988035	0.007886746	-0.0013407199	-1.0189338e-05	2.7988007	-0.00014273642	0.0	4.0	21.330418348312378	380
66	0.07607177	0.12924631	0.39010346	0.0	4.5	18.0	11.079797	33.0	2.0	0.06954569	0.11964562	0.39010346	0.0	0.08322382	0.0123979375	0.11159801	0.053603865	6700	-0.02797985	0.0071425755	-0.0017867903	-2.8505048e-05	2.7979832	-0.00028066157	0.0	4.0	21.672624111175537	294
67	0.11186257	0.16366763	0.47894028	0.0	4.529412	14.523809	10.418021	33.0	0.0	0.10344147	0.15350673	0.47894028	0.0	0.08057914	0.014985471	0.11701644	0.02749741	6800	-0.02795732	0.0120663475	-0.002217616	-8.142088e-06	2.7957253	1.3890298e-05	0.0	4.0	22.015686511993408	293
68	0.10063376	0.1514716	0.44518873	0.0	4.0	18.454546	11.523602	37.0	0.0	0.085637204	0.13395807	0.44518873	0.0	0.07938489	0.012703461	0.112576365	0.04973597	6900	-0.027963698	0.008954842	-0.0024116132	-1.1838798e-05	2.7963674	-0.00017722131	0.0	4.0	22.41525411605835	251
69	0.15188867	0.21493402	0.6271596	0.0	4.5	19.0	10.900375	36.0	0.0	0.15962328	0.21819387	0.6271596	0.0	0.081549264	0.014354725	0.13158862	0.042393275	7000	-0.027942523	0.026931413	-0.0019718632	-0.0003641462	2.7942548	-0.00072477816	0.0	4.0	22.872288465499878	220
70	0.16151865	0.18455158	0.5540675	0.0	4.111111	17.181818	11.023266	37.0	1.0	0.1503104	0.18001495	0.5540675	0.0	0.08474306	0.012633424	0.11575672	0.050408382	7100	-0.027933568	0.018316664	-0.0019259527	-0.00050609675	2.7933547	-0.0011144351	0.0	4.0	23.272155046463013	252
71	0.07529035	0.17349215	0.634219	0.0	4.8333335	16.428572	10.495221	35.0	0.0	0.067687154	0.15600653	0.634219	0.0	0.09743477	0.014441049	0.13920218	0.06448219	7200	-0.027926862	0.012724094	-0.0022819135	0.00017762068	2.792686	0.00073822495	0.0	4.0	23.69243597984314	239
72	0.11502846	0.16430247	0.51553786	0.0	3.9	16.47826	11.813292	36.0	0.0	0.08901124	0.1438324	0.51553786	0.0	0.1011777	0.012353556	0.13082215	0.06127992	7300	-0.027909845	0.010750303	-0.002558384	-2.5035115e-06	2.7909842	-0.00047769546	0.0	4.0	24.026257038116455	301
73	0.092336655	0.18735228	0.49904138	0.0	5.2352943	21.3	10.300971	36.0	4.0	0.07797217	0.17010444	0.49904138	0.0	0.101570874	0.017577047	0.14602232	0.044574227	7400	-0.027896889	0.01481927	-0.002275778	-5.7817786e-05	2.7896893	0.00060969824	0.0	4.0	24.320093631744385	344
74	0.102469034	0.20071854	0.6837705	0.0	4.7777777	21.809525	10.913596	37.0	1.0	0.07933109	0.16871917	0.6837705	0.0	0.10011601	0.013690821	0.15190822	0.065902136	7500	-0.027882688	0.014232229	-0.0021446552	-8.842163e-05	2.7882679	0.0005050326	0.0	4.0	24.587989568710327	376
75	0.1148845	0.18073775	0.6248215	0.0	4.1578946	18.347826	12.750477	37.0	0.0	0.09663731	0.16266868	0.6248215	0.0	0.09756115	0.01205253	0.13347238	0.0706858	7600	-0.027868656	0.013447475	-0.002859734	-2.6410096e-05	2.7868667	-4.3296823e-05	0.0	4.0	24.98421859741211	253
76	0.21575008	0.22593135	0.65200686	0.0	4.2222223	22.227272	10.950018	37.0	0.0	0.18860671	0.21287598	0.65200686	0.0	0.09020617	0.013688165	0.12305477	0.052324947	7700	-0.027847704	0.02780086	-0.0033031981	-0.00024132198	2.7847726	-0.0007716322	0.0	4.0	25.421587467193604	230
77	0.13051695	0.1971445	0.5220899	0.0	4.5555553	18.772728	12.306436	37.0	0.0	0.118921734	0.184756	0.5220899	0.0	0.096877396	0.013522099	0.13106471	0.06296928	7800	-0.027829371	0.016851138	-0.0032232539	-9.450142e-05	2.782937	0.0005066872	0.0	4.0	25.715903759002686	344
78	0.12727813	0.1909143	0.74152434	0.0	4.0	20.434782	10.299118	37.0	2.0	0.112983465	0.17245695	0.74152434	0.0	0.10319697	0.014812446	0.14508119	0.061269652	7900	-0.027815968	0.015072979	-0.003147889	-2.8928975e-05	2.781602	-0.00023151404	0.0	4.0	26.076589584350586	280
79	0.0782445	0.119749755	0.35393202	0.0	4.882353	15.8	11.258775	37.0	0.0	0.07260893	0.11235019	0.35393202	0.0	0.10886736	0.012940949	0.13473175	0.0815496	8000	-0.027789064	0.007032639	-0.0033110157	9.875628e-06	2.7789083	0.00072201726	0.0	4.0	26.329503297805786	398
80	0.10384848	0.1465845	0.40979034	0.0	4.1578946	19.727272	10.942751	35.0	1.0	0.08551775	0.13187891	0.40979034	0.0	0.1069166	0.015092761	0.14805095	0.07579929	8100	-0.027753621	0.008884547	-0.002715542	-8.593337e-05	2.775361	-0.00020650384	0.0	4.0	26.716702222824097	259
81	0.15684022	0.1963631	0.59127206	0.0	4.3333335	14.590909	10.142884	37.0	1.0	0.15431505	0.19285476	0.59127206	0.0	0.105365284	0.01374815	0.14803493	0.07105519	8200	-0.027725399	0.019647129	-0.0025402457	-9.481213e-06	2.772542	-0.0011928797	0.0	4.0	27.174533367156982	219
82	0.061424047	0.1372457	0.5182074	0.0	4.8235292	18.8	10.481412	36.0	1.0	0.0668878	0.13037185	0.5182074	0.0	0.1080369	0.012030583	0.13499454	0.07576474	8300	-0.02768489	0.009434877	-0.0028317915	-4.4689514e-06	2.7684884	0.0002526426	0.0	4.0	27.446088552474976	371
83	0.05371509	0.09732226	0.32106665	0.0	4.263158	14.454545	8.116915	33.0	3.0	0.052655432	0.09041241	0.32106665	0.0	0.098720014	0.015512086	0.13589695	0.05630545	8400	-0.027692586	0.005286595	-0.0023116805	-0.0001976458	2.76926	0.0008206463	0.0	4.0	27.79677391052246	286
84	0.08741778	0.16249774	0.5054108	0.0	4.5555553	13.772727	11.281246	37.0	1.0	0.06967327	0.14330205	0.5054108	0.0	0.10101624	0.010954942	0.13413036	0.07030968	8500	-0.027637444	0.01073494	-0.0038060993	-0.00024350442	2.7637422	0.0011885213	0.0	4.0	28.067500114440918	374
85	0.14490947	0.1985032	0.55355555	0.0	4.15	19.043478	11.027548	37.0	2.0	0.100954704	0.17516184	0.55355555	0.0	0.09192078	0.012989205	0.11518347	0.056063667	8600	-0.027619481	0.015062714	-0.0052023493	-3.229099e-05	2.761948	0.0008571911	0.0	4.0	28.388920068740845	313
86	0.12035284	0.18477216	0.53167576	0.0	4.5789475	17.0	10.160615	33.0	0.0	0.108871944	0.18338227	0.53167576	0.0	0.07919538	0.01794607	0.12056338	0.03871036	8700	-0.027562235	0.016604329	-0.004622435	3.733195e-05	2.7562246	0.00127388	0.0	4.0	28.674972772598267	352
87	0.080374524	0.1342495	0.41743118	0.0	3.7619047	13.88	10.397385	32.0	0.0	0.07545596	0.12964645	0.41743118	0.0	0.08565256	0.01516683	0.12437911	0.057127032	8800	-0.027529195	0.008370007	-0.0038397498	-1.3993471e-05	2.7529197	0.0003963947	0.0	4.0	28.988138675689697	321
88	0.23651154	0.22391771	0.57767725	0.0	4.05	18.681818	12.285936	37.0	0.0	0.22790255	0.23068203	0.57767725	0.0	0.08583838	0.015186935	0.12331106	0.04539132	8900	-0.027483061	0.037373953	-0.005754511	-0.00089060306	2.748309	-0.0008063078	0.0	4.0	29.326769828796387	297
89	0.14836398	0.19353513	0.5898194	0.0	3.7142856	19.5	9.8276825	36.0	1.0	0.12907842	0.18208295	0.5898194	0.0	0.09296866	0.013228442	0.12089064	0.059481382	9000	-0.027431726	0.017065762	-0.0039818585	-0.0002512826	2.7431726	-0.00034639356	0.0	4.0	29.767197132110596	228
90	0.0971977	0.1626242	0.47008973	0.0	3.4545455	18.846153	10.560056	37.0	2.0	0.09192627	0.15947357	0.47008973	0.0	0.10290146	0.01300742	0.135028	0.065552935	9100	-0.027407758	0.012450792	-0.00330507	9.8553486e-05	2.740777	0.0004900884	0.0	4.0	30.2417631149292	212
91	0.13966565	0.14664537	0.4273241	0.0	3.7619047	16.333334	10.613147	35.0	0.0	0.12502119	0.14189646	0.4273241	0.0	0.1115109	0.013753794	0.1506665	0.07372089	9200	-0.027298182	0.010211308	-0.0057840943	-3.360433e-05	2.729821	-0.00012974767	0.0	4.0	30.673498153686523	233
92	0.23201685	0.20994738	0.5914977	0.0	3.6	19.458334	10.09942	36.0	2.0	0.22102143	0.20203288	0.5914977	0.0	0.11617173	0.014086121	0.14849474	0.079855174	9300	-0.027182668	0.025644667	-0.0048080515	-0.00072746864	2.718264	-0.0008972264	0.0	4.0	31.087644577026367	243
93	0.18698114	0.19009629	0.5157398	0.0	4.111111	18.09091	10.148485	35.0	1.0	0.17938362	0.18225074	0.5157398	0.0	0.1288772	0.015820006	0.17398499	0.09250038	9400	-0.027086683	0.017501004	-0.0048683025	-0.00047840923	2.7086658	0.0005549622	0.0	4.0	31.495704650878906	246
94	0.17187332	0.2393838	0.6708724	0.0	4.15	17.608696	10.382842	37.0	0.0	0.1599902	0.22756228	0.6708724	0.0	0.13980603	0.018073043	0.19699845	0.113615416	9500	-0.027007014	0.025792556	-0.006054934	-3.628782e-05	2.7007034	0.0021735667	0.0	4.0	32.02691602706909	189
95	0.17749095	0.19910255	0.6338705	0.0	4.0	18.59091	9.0386	32.0	0.0	0.1713424	0.19842647	0.6338705	0.0	0.15097569	0.020252993	0.1968714	0.11774291	9600	-0.026935756	0.019486878	-0.0061021266	-6.8091555e-05	2.6935763	0.00069690705	0.0	4.0	32.57379508018494	184
96	0.15066242	0.16007733	0.5217473	0.0	3.9473684	19.347826	12.106802	36.0	2.0	0.15703389	0.16038086	0.5217473	0.0	0.15637423	0.02147127	0.22121795	0.11868918	9700	-0.026828073	0.013010456	-0.0038206442	1.1526863e-05	2.6828098	-0.00032652853	0.0	4.0	32.97416305541992	251
97	0.23606014	0.195826	0.78804135	0.0	3.6190476	18.458334	9.979058	37.0	0.0	0.22035645	0.20341739	0.78804135	0.0	0.16102526	0.022146858	0.21239662	0.12902932	9800	-0.02677723	0.022079019	-0.004247712	-0.0002267249	2.6777222	-0.0011188174	0.0	4.0	33.37673807144165	251
98	0.23170969	0.19936879	0.64226794	0.0	3.6666667	18.52174	10.3792	37.0	1.0	0.23471062	0.19534937	0.64226794	0.0	0.16884214	0.026759492	0.23522505	0.1294044	9900	-0.026599929	0.020797918	-0.0047799163	-0.0005024336	2.6599898	3.3474062e-06	0.0	4.0	33.80167293548584	236
99	0.13460566	0.18160887	0.5088243	0.0	3.0	17.851852	11.154484	36.0	0.0	0.14121088	0.17543812	0.5088243	0.0	0.1743213	0.026569879	0.23243555	0.12899631	10000	-0.0268385	0.016034685	-0.0029753847	0.00023233867	2.683847	-0.0011511088	0.0	4.0	34.24282789230347	228
100	0.21520281	0.20236263	0.6036963	-0.02583226	3.2608695	16.115385	10.0664215	35.0	1.0	0.18465963	0.1955136	0.6036963	-0.02583226	0.18345574	0.031070972	0.27561402	0.1464283	10100	-0.02670947	0.020350188	-0.006433867	-6.265682e-05	2.6709447	-0.0008456038	0.0	4.0	34.66988015174866	236
101	0.24364595	0.21209578	0.77619785	0.0	3.3181818	15.791667	10.428244	35.0	0.0	0.2427347	0.21590959	0.77619785	0.0	0.17846042	0.029460715	0.24053839	0.13739933	10200	-0.026391536	0.025743548	-0.005437768	-0.00011172076	2.639153	0.0003525972	0.0	4.0	35.11336326599121	226
102	0.16127561	0.18488368	0.57917684	0.0	3.4545455	17.916666	12.566214	37.0	0.0	0.16832304	0.18348944	0.57917684	0.0	0.18258032	0.030397162	0.28543687	0.12543866	10300	-0.026309267	0.016362783	-0.005313471	3.1154137e-05	2.630922	-0.0004511022	0.0	4.0	35.56598663330078	223
103	0.24104095	0.23993501	0.7814192	0.0	2.9583333	18.714285	11.479352	37.0	2.0	0.2623691	0.24366584	0.7814192	0.0	0.18180153	0.030257102	0.2557616	0.13966276	10400	-0.026326317	0.032280415	-0.0036411881	-0.00037571276	2.6326292	1.1158409e-06	0.0	4.0	36.050095081329346	207
104	0.20924778	0.16951197	0.4347838	0.0	2.76	18.357143	10.2407255	35.0	1.0	0.21746491	0.16082045	0.4347838	0.0	0.19214031	0.035201814	0.27721503	0.15143022	10500	-0.026341178	0.012899062	-0.0039109215	-8.4801344e-05	2.6341186	-0.0010038756	0.0	4.0	36.62179684638977	176
105	0.14605297	0.17019244	0.5339246	0.0	3.5	19.76	11.580259	37.0	0.0	0.16440903	0.17544648	0.5339246	0.0	0.2025979	0.0395909	0.29016146	0.14899236	10600	-0.025830895	0.016879288	-0.0037271623	5.59194e-05	2.5830915	0.0013293074	0.0	4.0	37.02833652496338	247
106	0.2208546	0.23375428	0.6883838	0.0	3.0434783	15.703704	11.562438	37.0	0.0	0.24853808	0.23756956	0.6883838	0.0	0.19765297	0.035338935	0.2781452	0.15688822	10700	-0.02599588	0.029445779	-0.002952668	-5.8417674e-05	2.599596	0.0008340883	0.0	4.0	37.47568893432617	224
107	0.19585454	0.19362369	0.5156113	-0.054063223	4.0526314	19.954546	10.231313	36.0	2.0	0.20612264	0.18927723	0.5156113	-0.054063223	0.21052328	0.038749855	0.31060475	0.15989825	10800	-0.025284858	0.01802403	-0.0034133028	2.8845156e-05	2.5284824	0.0027369452	0.0	4.0	38.00567054748535	190
108	0.2730274	0.24079953	0.6648907	0.0	3.125	15.576923	11.887852	35.0	0.0	0.2766448	0.2474793	0.6648907	0.0	0.2069599	0.040417906	0.308319	0.15048604	10900	-0.025702272	0.03416387	-0.0050110654	-0.00019616587	2.5702295	0.0009376335	0.0	4.0	38.4494264125824	227
109	0.2023439	0.20110598	0.5985477	0.0	3.0869565	14.148149	9.751368	37.0	2.0	0.23508446	0.20122956	0.5985477	0.0	0.2073832	0.0386396	0.30668008	0.16369066	11000	-0.02572053	0.019859796	-0.002721969	-0.0001371922	2.572053	-0.00046988486	0.0	4.0	38.93418550491333	208
110	0.182214	0.20402001	0.5904119	0.0	3.0869565	15.62963	10.5554905	34.0	0.0	0.19228096	0.19856763	0.5904119	0.0	0.2150169	0.04294575	0.32942536	0.16022316	11100	-0.025687598	0.01995931	-0.0028394647	5.0014118e-05	2.5687623	0.0005105662	0.0	4.0	39.35649013519287	237
111	0.23002878	0.24083789	0.6809387	0.0	3.0434783	20.115385	10.51858	36.0	2.0	0.24582268	0.23477764	0.6809387	0.0	0.21650605	0.041084178	0.31506884	0.16846472	11200	-0.025589101	0.028256916	-0.0035823323	-3.3256598e-05	2.5589108	5.531183e-07	0.0	4.0	39.835039138793945	209
112	0.20859475	0.23055819	0.70163083	0.0	3.0416667	15.407408	8.92462	35.0	0.0	0.23416497	0.23321457	0.70163083	0.0	0.22054721	0.046639662	0.3355644	0.16856259	11300	-0.025345236	0.02631035	-0.0015025083	-3.7479447e-05	2.5345218	-0.0010840893	0.0	4.0	40.257192611694336	238
113	0.24716516	0.24657969	0.722842	0.0	3.0833333	19.222221	10.32915	37.0	0.0	0.25085217	0.25811362	0.722842	0.0	0.21874535	0.043088317	0.320323	0.15433034	11400	-0.025351822	0.033380732	-0.003941722	-8.8610686e-05	2.5351841	0.00074646703	0.0	4.0	40.64868998527527	256
114	0.24805836	0.19237328	0.71573925	0.0	2.88	15.555555	12.597276	37.0	0.0	0.25926253	0.19782484	0.71573925	0.0	0.2253943	0.04679594	0.32902026	0.17224962	11500	-0.025176153	0.020287871	-0.0036204606	-8.0654165e-05	2.5176163	0.00029476645	0.0	4.0	41.10126352310181	221
115	0.25615123	0.22506373	0.6777232	3.330669e-16	2.9130435	16.25926	11.094185	35.0	0.0	0.27802923	0.21937601	0.6777232	3.330669e-16	0.22464862	0.042494096	0.31851542	0.17491987	11600	-0.02540952	0.025314126	-0.001195576	-0.00028907787	2.5409508	-0.00054150575	0.0	4.0	41.64760661125183	184
116	0.19276837	0.19523753	0.6042379	0.0	2.92	16.296297	11.104937	36.0	0.0	0.22004476	0.19960308	0.6042379	0.0	0.23620604	0.049081676	0.34713113	0.17906615	11700	-0.025273869	0.0193956	-0.002135966	9.23092e-05	2.5273883	-0.0005094624	0.0	4.0	42.150428771972656	199
117	0.22269346	0.25155756	0.7668089	0.0	3.2173913	19.807692	9.801959	34.0	0.0	0.24828014	0.25043657	0.7668089	0.0	0.24252914	0.05261067	0.37844494	0.18047571	11800	-0.025009826	0.032587912	-0.0014977241	-6.0965773e-05	2.5009837	0.0003980231	0.0	4.0	42.56228947639465	243
118	0.18582839	0.18642995	0.61267686	0.0	2.72	18.241379	10.523063	37.0	1.0	0.21751703	0.18646355	0.61267686	0.0	0.2333408	0.0480611	0.36113214	0.17417973	11900	-0.025444448	0.017741557	-0.002234498	-0.00011447142	2.5444472	0.0005697012	0.0	4.0	42.97634744644165	242
119	0.18240856	0.22814478	0.6974256	0.0	2.875	18.785715	11.690525	36.0	1.0	0.20277461	0.2232941	0.6974256	0.0	0.22649418	0.04486289	0.33099076	0.17018788	12000	-0.025487348	0.025332574	-0.0028925152	-0.0002863747	2.5487323	0.00064561126	0.0	4.0	43.41432809829712	229
120	0.25840637	0.20118442	0.71348876	3.330669e-16	2.6666667	18.75	11.312525	37.0	0.0	0.2706363	0.18184884	0.71348876	3.330669e-16	0.22635761	0.044324443	0.33219093	0.17731899	12100	-0.025441322	0.01760088	-0.00081309583	8.8152825e-05	2.5441332	-0.0003659296	0.0	4.0	43.846091985702515	233
121	0.20906785	0.19418691	0.64596146	2.220446e-16	2.5384614	19.275862	10.576149	37.0	4.0	0.23658493	0.18887378	0.64596146	2.220446e-16	0.21495503	0.03493108	0.2957241	0.15593028	12200	-0.02556929	0.01715783	-0.001758155	-3.4852885e-05	2.5569298	-0.00015552522	0.0	4.0	44.26170015335083	242
122	0.27932832	0.20598695	0.66129893	0.0	3.2272727	19.26923	9.959756	37.0	4.0	0.26859832	0.19823803	0.66129893	0.0	0.22359839	0.04032406	0.32609206	0.17406666	12300	-0.0249269	0.022146396	-0.004014546	-7.771421e-05	2.4926844	0.0014678431	0.0	4.0	44.64976978302002	259
123	0.19295187	0.20235622	0.63221157	0.0	3.0416667	17.307692	10.10624	37.0	1.0	0.22440752	0.20198499	0.63221157	0.0	0.22779763	0.040700004	0.31721547	0.18013039	12400	-0.025013678	0.0198752	-0.001324363	3.8421713e-06	2.5013647	3.8778788e-05	0.0	4.0	45.08452558517456	231
124	0.17018147	0.19521385	0.6100327	0.0	3.0833333	14.703704	9.478298	32.0	0.0	0.2037336	0.20173211	0.6100327	0.0	0.23089513	0.04543742	0.3296094	0.17636794	12500	-0.02458337	0.019299094	-0.003370002	-7.672305e-05	2.4583368	0.0014236975	0.0	4.0	45.61613655090332	189
125	0.22849266	0.1973524	0.6149079	0.0	3.0416667	19.307692	11.427932	37.0	0.0	0.23514284	0.19639292	0.6149079	0.0	0.22365627	0.03584874	0.31062895	0.18101293	12600	-0.024857014	0.019925168	-0.0034878887	-3.7697377e-05	2.485701	0.0014485216	0.0	4.0	46.11782360076904	200
126	0.21624428	0.19597694	0.6116275	0.0016687721	2.875	18.285715	12.503877	37.0	0.0	0.24374904	0.1980854	0.6116275	0.0016687721	0.21771988	0.03449213	0.33035687	0.16940421	12700	-0.02504877	0.018828776	-0.0016847998	-5.651498e-06	2.5048804	-3.2832642e-05	0.0	4.0	46.53360962867737	242
127	0.22172473	0.17949705	0.5944804	0.0	2.7307692	18.821428	10.882665	35.0	0.0	0.2469283	0.17824009	0.5944804	0.0	0.22101696	0.03506909	0.30944905	0.15921436	12800	-0.02498573	0.0153529085	-0.0022657546	-9.998446e-05	2.4985728	0.0011339759	0.0	4.0	46.94615697860718	243
128	0.23450914	0.18330725	0.6371995	0.0	3.0434783	16.88889	10.16287	37.0	0.0	0.24153158	0.17791842	0.6371995	0.0	0.22873898	0.039456043	0.33592463	0.18272474	12900	-0.02466648	0.01580818	-0.0027790843	-4.54206e-06	2.4666493	-0.00010702846	0.0	4.0	47.32580208778381	264
129	0.18516865	0.17046082	0.44423074	0.0	2.96	19.071428	11.949084	37.0	0.0	0.18729882	0.172776	0.44423074	0.0	0.23266494	0.043044597	0.34203035	0.18477958	13000	-0.02463442	0.016927807	-0.0052630343	-0.0003288316	2.463441	0.0019838214	0.0	4.0	47.71178960800171	260
130	0.31423867	0.22701743	0.7142851	0.0	3.090909	22.538462	8.643498	37.0	7.0	0.33303258	0.2169835	0.7142851	0.0	0.22844891	0.038805425	0.3294515	0.16106176	13100	-0.024403833	0.028134314	-0.0027339295	-0.00019245408	2.440387	0.0011139273	0.0	4.0	48.083904504776	270
131	0.23025262	0.17892125	0.6561097	0.0	2.9583333	19.178572	10.177194	36.0	1.0	0.24047826	0.17680992	0.6561097	0.0	0.22932407	0.03929316	0.30955124	0.16877067	13200	-0.024437033	0.015310478	-0.0034398846	7.679383e-05	2.4437056	0.00015605212	0.0	4.0	48.51012468338013	235
132	0.2227084	0.21083918	0.71430206	0.0	2.6666667	18.066668	11.239613	35.0	1.0	0.22242056	0.21424843	0.71430206	0.0	0.23484607	0.042562623	0.33061913	0.18668723	13300	-0.024759911	0.023371674	-0.0070257885	-3.390899e-05	2.4759927	0.0016529132	0.0	4.0	48.91062879562378	251
133	0.18875344	0.2161606	0.76750034	0.0	2.5769231	16.033333	10.183266	36.0	0.0	0.22800331	0.22796454	0.76750034	0.0	0.23231785	0.039917585	0.3426677	0.1801651	13400	-0.024522886	0.025226537	-0.004052803	-2.4941284e-05	2.4522893	0.0034358716	0.0	4.0	49.36503481864929	221
134	0.15321916	0.171996	0.45264	0.0	2.9565217	15.185185	10.590132	36.0	0.0	0.16149479	0.17177403	0.45264	0.0	0.23336153	0.037786987	0.32991955	0.17101608	13500	-0.024008103	0.017416637	-0.006231731	-0.00096840435	2.4008074	0.0060081957	0.0	4.0	49.724042892456055	280
135	0.15049613	0.16379261	0.5026507	0.0	2.72	18.48276	12.428057	35.0	2.0	0.17043167	0.15730536	0.5026507	0.0	0.21280049	0.028408973	0.27827343	0.16850424	13600	-0.024419703	0.012710128	-0.0022329912	-0.0006183296	2.4419723	0.00065991166	0.0	4.0	50.14677357673645	237
136	0.23959185	0.19567385	0.65075433	-0.08596528	2.6666667	17.75	10.105249	32.0	1.0	0.2558407	0.19140537	0.65075433	-0.08596528	0.20043156	0.024267115	0.27787626	0.1650981	13700	-0.024199598	0.018618565	-0.0031615123	0.0003623981	2.419961	5.310058e-05	0.0	4.0	50.57319784164429	235
137	0.2168567	0.17968333	0.6590199	3.330669e-16	2.3448277	16.548388	11.256077	36.0	0.0	0.23254131	0.17753248	0.6590199	3.330669e-16	0.1920555	0.019757982	0.24602255	0.15805957	13800	-0.024859414	0.015583829	-0.002406545	-0.00013736426	2.4859414	0.00067401654	0.0	4.0	51.05541229248047	208
138	0.2577276	0.23452295	0.7564679	5.7302503e-07	2.6538463	17.266666	12.005368	37.0	0.0	0.29683095	0.23658611	0.7564679	5.7302503e-07	0.19745311	0.023591451	0.26481417	0.14067873	13900	-0.023993	0.03201092	-0.0017956644	-0.0015125796	2.3993027	0.0003028226	0.0	4.0	51.464574575424194	245
139	0.20795345	0.16789356	0.5169275	0.0	2.5769231	16.6	10.759801	34.0	0.0	0.22362722	0.15639979	0.5169275	0.0	0.21464513	0.028964203	0.28266862	0.18467754	14000	-0.024133103	0.011841243	-0.0017789835	0.00011740555	2.4133124	0.00021359921	0.0	4.0	51.8735888004303	245
140	0.28531057	0.21989386	0.72184145	3.330669e-16	2.2413793	18.774193	10.360314	37.0	2.0	0.32403025	0.20609297	0.72184145	3.330669e-16	0.22831447	0.03624499	0.33072072	0.17897132	14100	-0.024665706	0.023848083	-0.0026929174	-0.0012414735	2.4665682	0.0007709336	0.0	4.0	52.29720735549927	237
141	0.25431088	0.18644007	0.66408837	3.330669e-16	2.5555556	16.51724	9.133571	35.0	0.0	0.27979589	0.1865661	0.66408837	3.330669e-16	0.25014886	0.047871463	0.38741928	0.1980111	14200	-0.024249107	0.016823396	-0.0043444242	-0.00025479263	2.4249108	-0.00010046968	0.0	4.0	52.71246576309204	241
142	0.18006048	0.19960032	0.76104915	0.0	2.4285715	17.0	11.016117	37.0	0.0	0.22134514	0.21146093	0.76104915	0.0	0.2653747	0.060303956	0.42904693	0.20497075	14300	-0.024260163	0.022139346	-0.004204653	0.00025811233	2.426021	0.0005566979	0.0	4.0	53.15402102470398	227
143	0.24234642	0.2162516	0.66350514	-0.07924343	2.8	17.703703	10.655601	34.0	2.0	0.27290574	0.21791191	0.66350514	-0.07924343	0.27180526	0.05982813	0.41375315	0.20717287	14400	-0.02429093	0.0228757	-0.003174223	-5.1826937e-05	2.4290924	-0.0001361728	0.0	4.0	53.60442233085632	223
144	0.24589345	0.20836796	0.6342907	0.0	2.5925925	20.233334	11.825631	36.0	0.0	0.2869143	0.2002933	0.6342907	0.0	0.27268657	0.061576176	0.449111	0.20682399	14500	-0.02435954	0.019261118	-0.0026746467	-8.102274e-06	2.4359517	0.00048488853	0.0	4.0	54.18613576889038	172
145	0.2683348	0.16420324	0.5918924	3.330669e-16	2.7307692	18.551723	9.998572	36.0	2.0	0.2943461	0.16346768	0.5918924	3.330669e-16	0.26875687	0.055219926	0.41308677	0.20674591	14600	-0.024506822	0.012154958	-0.004685344	-2.679776e-05	2.4506822	0.00069218164	0.0	4.0	54.62337684631348	230
146	0.26146975	0.20860693	0.6245963	-0.08139344	2.6923077	17.655172	10.083363	34.0	0.0	0.30424067	0.19792463	0.6245963	-0.08139344	0.2694277	0.057453226	0.4142504	0.20774019	14700	-0.024524335	0.018059518	-0.0056280047	-0.00014298176	2.4524322	0.0012003852	0.0	4.0	55.12252950668335	201
147	0.28821617	0.23966351	0.7412789	0.0	2.9166667	16.074074	10.175956	37.0	1.0	0.3091631	0.23552935	0.7412789	0.0	0.27859274	0.060100634	0.43854272	0.21017808	14800	-0.024540953	0.02793226	-0.0022085607	-4.6375208e-05	2.454091	2.4266192e-05	0.0	4.0	55.6126184463501	204
148	0.21384469	0.21960813	0.69667065	0.0	2.64	17.034483	13.697427	37.0	0.0	0.25102156	0.21607511	0.69667065	0.0	0.2783556	0.06292279	0.44243935	0.21285053	14900	-0.024796564	0.023116201	-0.0020299517	-8.465652e-05	2.4796553	0.0011216403	0.0	4.0	56.08745217323303	212
149	0.25775793	0.19126801	0.66965	3.330669e-16	2.8333333	18.714285	12.226602	37.0	1.0	0.26448298	0.1831724	0.66965	3.330669e-16	0.28091606	0.059071742	0.45361003	0.21296327	15000	-0.024921104	0.017689595	-0.0024879724	-0.00033865985	2.492109	0.000813539	0.0	4.0	56.55399775505066	215
150	0.23396409	0.22437198	0.63191026	0.0	2.9583333	14.444445	10.712863	37.0	1.0	0.2728805	0.21634734	0.63191026	0.0	0.27528992	0.058714833	0.42549506	0.2107226	15100	-0.024464212	0.0224921	-0.0011556717	-0.00017081667	2.4464242	5.5255892e-05	0.0	4.0	57.00720262527466	223
151	0.30450502	0.23424487	0.64531463	0.0	2.9166667	18.703703	11.404401	37.0	0.0	0.32924044	0.21783479	0.64531463	0.0	0.26867488	0.053504944	0.40720028	0.20822394	15200	-0.0246729	0.026291361	-0.0034161173	3.657397e-05	2.467289	0.0007602334	0.0	4.0	57.41899299621582	244
152	0.27642062	0.19166592	0.63385165	0.0	3.0	23.074074	11.316739	37.0	3.0	0.28765905	0.18390855	0.63385165	0.0	0.26611724	0.051097214	0.39674634	0.18492717	15300	-0.02424486	0.016229982	-0.0038860366	-3.9935927e-05	2.4244843	0.0008832407	0.0	4.0	57.978413820266724	180
153	0.26623085	0.19800651	0.6102367	3.330669e-16	2.75	17.074074	11.6648445	37.0	0.0	0.2998552	0.18340261	0.6102367	3.330669e-16	0.2618164	0.045011546	0.38085276	0.19830455	15400	-0.024599003	0.016375005	-0.0023918096	-0.000106538646	2.4599013	0.0015966892	0.0	4.0	58.48969388008118	196
154	0.2440312	0.18083903	0.5841355	4.518201e-07	3.2857144	19.4	9.469953	35.0	2.0	0.28560364	0.15849593	0.5841355	4.518201e-07	0.2743913	0.054917157	0.4013901	0.17974111	15500	-0.023984343	0.010948442	-0.0031913053	-3.1879637e-05	2.3984377	-0.00039485458	0.0	4.0	58.97039318084717	209
155	0.20340872	0.21539612	0.70319754	0.0	3.2272727	20.461538	9.869264	37.0	3.0	0.24151497	0.2192995	0.70319754	0.0	0.27400056	0.05496819	0.40217632	0.21052158	15600	-0.024036724	0.02410061	-0.0026849452	-9.623496e-05	2.403667	0.00035871268	0.0	4.0	59.432103633880615	218
156	0.27464992	0.2508415	0.70711	0.0	3.6	17.75	11.573137	37.0	0.0	0.2741296	0.2387709	0.70711	0.0	0.27720487	0.05245451	0.41198635	0.2098749	15700	-0.024037883	0.030622857	-0.0033216141	-0.00043723593	2.4037886	0.0014681029	0.0	4.0	59.91064453125	210
157	0.3031618	0.21840318	0.70095754	0.0	2.6538463	19.233334	9.992275	37.0	2.0	0.3158832	0.21398248	0.70095754	0.0	0.25432178	0.0404202	0.35776186	0.20880005	15800	-0.025095657	0.023839984	-0.00203228	0.00010513351	2.509563	-0.001220498	0.0	4.0	60.35780096054077	225
158	0.2566727	0.2002508	0.694847	0.0	2.5185184	15.096774	10.195997	35.0	0.0	0.278649	0.1992056	0.694847	0.0	0.2535441	0.03637023	0.35184097	0.21243486	15900	-0.025147691	0.019728355	-0.0015891418	-5.416281e-05	2.5147688	-0.0004566455	0.0	4.0	60.86614680290222	197
159	0.29002923	0.20522636	0.6975285	0.0	2.6538463	19.206896	12.245701	37.0	1.0	0.29689848	0.19672783	0.6975285	0.0	0.25783527	0.040149428	0.3595476	0.20916674	16000	-0.024874631	0.020384585	-0.001722835	-8.9082634e-05	2.487465	-0.00013496162	0.0	4.0	61.38166260719299	195
160	0.25666097	0.22183974	0.6782544	0.0	3.2272727	21.192308	11.6586685	37.0	2.0	0.25752458	0.2088794	0.6782544	0.0	0.26379746	0.041129887	0.37726974	0.21114211	16100	-0.024107598	0.02270402	-0.0040688924	-0.00011915481	2.4107592	0.0008663774	0.0	4.0	61.90600275993347	191
161	0.20965034	0.19671713	0.58684456	3.330669e-16	2.6	17.285715	10.508015	37.0	2.0	0.24358584	0.18948966	0.58684456	3.330669e-16	0.2627431	0.04162899	0.3811146	0.21284743	16200	-0.024154171	0.01663329	-0.0012689512	-0.00018183235	2.4154143	0.00062946556	0.0	4.0	62.439916372299194	188
162	0.17921616	0.21105348	0.7716848	0.0	2.4482758	17.387096	11.677598	37.0	2.0	0.21177147	0.22830796	0.7716848	0.0	0.25362203	0.035874303	0.34231344	0.1839924	16300	-0.024573863	0.02631063	-0.0022900961	-0.00030895649	2.4573839	0.00022906301	0.0	4.0	63.083311796188354	156
163	0.24833947	0.20526089	0.7198843	0.0	2.8333333	20.0	10.260882	35.0	0.0	0.24570008	0.19128594	0.7198843	0.0	0.2429565	0.02814341	0.31424	0.20171343	16400	-0.024688076	0.018457193	-0.0023670606	-0.000111514935	2.4688056	6.1001745e-05	0.0	4.0	63.61671161651611	189
164	0.22321534	0.15424114	0.5163554	3.330669e-16	2.8333333	14.592592	11.535	37.0	0.0	0.2551974	0.14688642	0.5163554	3.330669e-16	0.2330648	0.022823533	0.29000664	0.18990779	16500	-0.023924615	0.010571018	-0.0012407042	8.985773e-05	2.3924603	-0.0003412676	0.0	4.0	64.02722096443176	244
165	0.23854575	0.23081137	0.6689804	3.330669e-16	2.6	22.607143	9.806482	37.0	4.0	0.26241243	0.22464137	0.6689804	3.330669e-16	0.23043144	0.022299709	0.29850867	0.18204457	16600	-0.024402771	0.024278827	-0.0018623769	-0.00017313939	2.440278	0.000122034515	0.0	4.0	64.42118263244629	255
166	0.24100238	0.23061052	0.6982071	0.0	2.92	15.214286	8.077116	32.0	2.0	0.26158547	0.23514424	0.6982071	0.0	0.24012323	0.02714193	0.29661345	0.20059976	16700	-0.023955379	0.026840193	-0.0018561799	-9.0158195e-05	2.395533	-0.00013967039	0.0	4.0	64.81943678855896	252
167	0.21362348	0.18287925	0.5864227	0.0	2.84	15.068966	10.224821	36.0	0.0	0.23656474	0.18009736	0.5864227	0.0	0.24797146	0.03111623	0.33015698	0.17962171	16800	-0.024166705	0.015349075	-0.0035662553	4.1274354e-05	2.416669	0.00077913527	0.0	4.0	65.28877329826355	214
168	0.23862016	0.2276876	0.6896022	3.330669e-16	2.5185184	16.612904	11.177967	37.0	1.0	0.26171264	0.22665897	0.6896022	3.330669e-16	0.24354324	0.030271394	0.33061096	0.19826677	16900	-0.025070608	0.024060309	-0.001933503	-4.4528395e-05	2.5070596	0.00021520614	0.0	4.0	65.796560049057	197
169	0.28608724	0.19717441	0.64188296	0.0	2.7307692	20.785715	11.833237	36.0	1.0	0.304377	0.1947883	0.64188296	0.0	0.25890267	0.033802435	0.33073258	0.21800387	17000	-0.024260446	0.019041194	-0.0022471994	-0.00018168078	2.426046	0.0006191372	0.0	4.0	66.23484802246094	229
170	0.27436915	0.2211785	0.67448336	0.0	3.0	20.23077	10.846153	37.0	2.0	0.27813652	0.2152304	0.67448336	0.0	0.26275817	0.03532467	0.35069397	0.20429981	17100	-0.023794405	0.022761967	-0.00258422	3.8312282e-06	2.3794382	0.0010032058	0.0	4.0	66.75533270835876	192
171	0.3934399	0.2234738	0.7361976	0.0	3.2272727	13.56	9.749175	33.0	2.0	0.38750637	0.22938608	0.7361976	0.0	0.27110833	0.041641958	0.3607123	0.22336903	17200	-0.02369396	0.03303816	-0.003633677	-0.00097600906	2.3693943	0.0008327199	0.0	4.0	67.24720096588135	204
172	0.24344575	0.1862723	0.6972493	3.330669e-16	2.5555556	17.7	11.109006	37.0	2.0	0.25756347	0.17393279	0.6972493	3.330669e-16	0.2802708	0.047658972	0.40685737	0.22594003	17300	-0.024249697	0.015061639	-0.0015351204	0.0003364348	2.4249692	-0.00078606367	0.0	4.0	67.71962833404541	213
173	0.2865917	0.2133817	0.7521323	3.330669e-16	2.68	13.642858	11.257424	37.0	0.0	0.33416635	0.19971539	0.7521323	3.330669e-16	0.29145014	0.051535435	0.41804907	0.23350662	17400	-0.024028935	0.018949667	-0.0022803172	-0.00025312137	2.402894	-0.00064608816	0.0	4.0	68.25733137130737	186
174	0.24959688	0.16384248	0.51957715	0.0	2.4074075	22.419355	9.84648	37.0	2.0	0.270399	0.1608519	0.51957715	0.0	0.29439956	0.055745825	0.43317354	0.23686904	17500	-0.024473857	0.013400156	-0.0021757782	8.668343e-05	2.4473882	0.0008222627	0.0	4.0	68.74825644493103	204
175	0.27814424	0.23282117	0.78982615	0.0	2.92	16.222221	9.734754	34.0	0.0	0.2991951	0.23049322	0.78982615	0.0	0.3066309	0.05775731	0.44545534	0.2382642	17600	-0.023753174	0.028036559	-0.0028915368	-0.00031265058	2.375319	0.00063967705	0.0	4.0	69.35771059989929	165
176	0.21865554	0.18612106	0.5854649	2.220446e-16	2.68	18.310345	10.751434	36.0	1.0	0.2481598	0.18011074	0.5854649	2.220446e-16	0.29399014	0.049973752	0.40536407	0.22350547	17700	-0.024063706	0.015736666	-0.0020341873	-0.00045800954	2.4063745	0.00058458804	0.0	4.0	69.96654915809631	165
177	0.30276516	0.17637816	0.71682477	0.0	3.2272727	19.153847	10.309415	37.0	2.0	0.31729585	0.16934597	0.71682477	0.0	0.28614423	0.04276982	0.37015742	0.22756845	17800	-0.023413494	0.014876849	-0.0037323777	0.00013689953	2.341346	0.00097647903	0.0	4.0	70.45317816734314	207
178	0.30688223	0.2355841	0.6988665	3.330669e-16	2.5357144	16.137932	9.786423	34.0	0.0	0.3424684	0.22332156	0.6988665	3.330669e-16	0.27437094	0.03860158	0.35548577	0.22560781	17900	-0.024170376	0.025111012	-0.0014628451	-0.0002723313	2.4170384	-0.0005007434	0.0	4.0	70.96679162979126	196
179	0.24441299	0.22276284	0.6548078	0.0	2.5925925	17.931034	9.406275	37.0	1.0	0.27517527	0.21268973	0.6548078	0.0	0.2759906	0.03781253	0.36933517	0.23386666	18000	-0.024335861	0.021281881	-0.0019973386	-1.98395e-06	2.4335885	0.0011445475	0.0	4.0	71.52500510215759	180
180	0.28653926	0.1930535	0.6107931	3.330669e-16	2.9166667	16.142857	8.563687	34.0	2.0	0.29915807	0.18317564	0.6107931	3.330669e-16	0.28549904	0.043375947	0.37761003	0.22277759	18100	-0.023967618	0.016509455	-0.0027915738	-9.0440735e-06	2.3967643	6.422278e-05	0.0	4.0	72.06410717964172	187
181	0.2762762	0.19364083	0.62710834	3.330669e-16	2.6956522	18.37037	11.189109	37.0	0.0	0.30529353	0.18120492	0.62710834	3.330669e-16	0.28587392	0.043186173	0.39479107	0.20872784	18200	-0.024363015	0.01550635	-0.0023536673	-3.482611e-05	2.4362974	0.00026967048	0.0	4.0	72.58312582969666	194
182	0.23274375	0.1968261	0.7206616	0.0	3.1304348	20.28	9.271548	36.0	0.0	0.25594842	0.2000814	0.7206616	0.0	0.29929122	0.049252395	0.3951925	0.21361144	18300	-0.023752496	0.020555459	-0.0017294344	-0.00019565783	2.3752491	-0.00011393786	0.0	4.0	73.01194286346436	234
183	0.27073136	0.18037125	0.60613215	0.0	3.0869565	14.807693	9.2196245	34.0	1.0	0.29754618	0.16537772	0.60613215	0.0	0.29219937	0.04470544	0.37357008	0.21922797	18400	-0.024029762	0.013699556	-0.0016280804	-6.573158e-05	2.4029791	-3.5531528e-05	0.0	4.0	73.42360401153564	244
184	0.19768709	0.17608364	0.53773516	0.0	2.5555556	22.206896	11.433102	37.0	1.0	0.21200478	0.17290483	0.53773516	0.0	0.28091985	0.039860446	0.3626981	0.20925641	18500	-0.024421498	0.016459126	-0.0018259287	-0.0007294924	2.4421496	0.0007531357	0.0	4.0	73.96831202507019	184
185	0.28880402	0.16995613	0.5026237	0.0036797137	2.9583333	21.25926	11.75236	37.0	4.0	0.30250335	0.1649534	0.5026237	0.0036797137	0.26628137	0.029868381	0.33426026	0.22396159	18600	-0.024353236	0.01367093	-0.0017093867	0.00028095744	2.43532	-9.821652e-05	0.0	4.0	74.56076860427856	169
186	0.25576988	0.18791169	0.5693575	0.0	2.6153846	17.344828	10.349998	37.0	0.0	0.2659624	0.1785761	0.5693575	0.0	0.26257792	0.029477404	0.3286239	0.22040883	18700	-0.024307713	0.015018297	-0.0030876473	-3.1176955e-05	2.430775	0.0010477448	0.0	4.0	74.99200987815857	234
187	0.30202046	0.2369102	0.7550118	0.0	3.0	18.296297	10.575355	34.0	0.0	0.3201598	0.22840019	0.7550118	0.0	0.25921005	0.026137495	0.34309322	0.22695254	18800	-0.023716033	0.027399477	-0.0039142594	-0.0001892699	2.3716037	0.0024168445	0.0	4.0	75.39832592010498	247
188	0.2995693	0.18305972	0.6700638	0.0	3.2272727	20.692308	11.207035	37.0	1.0	0.29874012	0.18073718	0.6700638	0.0	0.26830238	0.031067304	0.33525246	0.21439627	18900	-0.02328632	0.01616275	-0.004854804	-5.0890492e-05	2.328632	0.0016085433	0.0	4.0	75.85536170005798	220
189	0.27059487	0.19134067	0.57225996	2.220446e-16	2.6	20.689655	9.635077	37.0	1.0	0.2990413	0.17190653	0.57225996	2.220446e-16	0.27218872	0.033133205	0.33898187	0.19799063	19000	-0.024400331	0.013970044	-0.001013102	-0.00020806328	2.440034	-0.0005943775	0.0	4.0	76.3161358833313	218
190	0.23296309	0.1988891	0.52014333	0.0	2.7692308	18.0	10.078265	37.0	1.0	0.252128	0.19093259	0.52014333	0.0	0.27782246	0.037744377	0.37008336	0.21566917	19100	-0.023911133	0.018328557	-0.002341452	8.08544e-05	2.39111	0.0008246923	0.0	4.0	76.72564625740051	245
191	0.31368202	0.20624846	0.75892514	0.0	3.1818182	15.115385	11.836472	36.0	0.0	0.3227034	0.19843319	0.75892514	0.0	0.28714097	0.039307438	0.3764227	0.20673478	19200	-0.023193926	0.019274382	-0.0028571822	-2.8359005e-05	2.31939	0.0009844804	0.0	4.0	77.11066699028015	261
192	0.2515748	0.21533042	0.7107259	0.0	2.5357144	20.4	10.381393	37.0	2.0	0.2610815	0.22072792	0.7107259	0.0	0.2777935	0.035862874	0.3706466	0.21884865	19300	-0.024475235	0.023046922	-0.0027952231	-1.8970808e-05	2.447522	0.0004978585	0.0	4.0	77.64201354980469	188
193	0.33041006	0.22351542	0.7219212	0.0	2.8461537	15.666667	12.189856	37.0	0.0	0.3364312	0.2233597	0.7219212	0.0	0.2852927	0.038279805	0.37783822	0.18997002	19400	-0.023671282	0.02503724	-0.002986492	-7.607229e-05	2.3671308	-0.0012164855	0.0	4.0	78.06440544128418	238
194	0.25659898	0.203955	0.7119516	0.0	2.84	18.035715	10.262561	37.0	0.0	0.24885178	0.1992779	0.7119516	0.0	0.28617352	0.03650702	0.37238464	0.24287581	19500	-0.023447342	0.021115724	-0.004199706	-0.00027892878	2.3447351	0.0014391614	0.0	4.0	78.46676325798035	249
195	0.28508177	0.22282577	0.7405296	1.4433421e-06	2.2857144	19.967741	10.74179	35.0	2.0	0.31133607	0.206645	0.7405296	1.4433421e-06	0.27946773	0.03544848	0.36871734	0.20557982	19600	-0.024486095	0.020016257	-0.0013431758	0.00012295134	2.4486084	-0.0014918733	0.0	4.0	78.88379406929016	240
196	0.21712615	0.21876016	0.79543537	0.0	2.5185184	21.870968	10.959579	37.0	1.0	0.25665882	0.23415062	0.79543537	0.0	0.2703046	0.029692799	0.3417052	0.20567301	19700	-0.023750007	0.025842866	-0.0018541552	-1.8144492e-05	2.3750033	0.00014057875	0.0	4.0	79.32032799720764	230
197	0.25903007	0.18527499	0.65505326	0.0	2.9166667	18.592592	11.209319	36.0	0.0	0.26126558	0.188914	0.65505326	0.0	0.2791469	0.031824555	0.36290517	0.24345018	19800	-0.023643285	0.017181365	-0.0018222686	-4.2775413e-05	2.3643289	0.00030923844	0.0	4.0	79.87150740623474	182
198	0.2655769	0.1704382	0.6662725	9.818706e-07	2.6153846	19.0	10.586263	37.0	2.0	0.2977176	0.15868834	0.6662725	9.818706e-07	0.27278623	0.030331455	0.34511557	0.20731941	19900	-0.023801096	0.011914948	-0.0016741762	-2.4995534e-05	2.3801103	2.2532946e-05	0.0	4.0	80.38057041168213	197
199	0.18740937	0.16414839	0.47429523	0.0	2.7307692	17.034483	11.992764	36.0	0.0	0.20255208	0.16588567	0.47429523	0.0	0.2790267	0.033408955	0.3458556	0.20781583	20000	-0.023386747	0.01574933	-0.0020021908	-0.00041298103	2.3386755	0.00055615907	0.0	4.0	80.87208318710327	204
200	0.3070241	0.209247	0.59724903	0.0	2.75	19.321428	11.426952	36.0	0.0	0.32995933	0.19789122	0.59724903	0.0	0.27245533	0.029792283	0.34999314	0.2331543	20100	-0.023639865	0.020823754	-0.0017327275	0.00019952585	2.363985	-0.0004883742	0.0	4.0	81.26881098747253	253
201	0.33302635	0.2329865	0.7483893	0.0	3.0434783	18.555555	10.468059	37.0	0.0	0.34559998	0.22102657	0.7483893	0.0	0.26955077	0.03145086	0.3346241	0.19547498	20200	-0.02329041	0.026455073	-0.0026079398	-0.0006057746	2.32904	0.0008434249	0.0	4.0	81.74308729171753	212
202	0.20958897	0.19987288	0.7331839	0.0	2.6153846	19.172413	11.154306	35.0	0.0	0.23111783	0.20838954	0.7331839	0.0	0.27703446	0.030620268	0.36083612	0.21180393	20300	-0.023512445	0.022563964	-0.0021552444	0.000262185	2.3512416	0.0014146806	0.0	4.0	82.25363945960999	196
203	0.2549179	0.21525416	0.71703154	-0.06922478	2.4444444	18.766666	10.861809	37.0	1.0	0.27638096	0.2179801	0.71703154	-0.06922478	0.28344828	0.035480637	0.37244198	0.23273414	20400	-0.023684584	0.022462165	-0.0011161002	-5.81278e-05	2.3684561	0.0002144337	0.0	4.0	82.78570103645325	188
204	0.3459366	0.19999474	0.6600047	3.330669e-16	2.6666667	19.178572	10.518872	34.0	2.0	0.37157995	0.20186944	0.6600047	3.330669e-16	0.2838613	0.035307355	0.35481748	0.21648683	20500	-0.02349107	0.023376655	-0.0022374839	-0.00052263495	2.3491108	0.00027122736	0.0	4.0	83.34122467041016	180
205	0.31283966	0.25500125	0.72177225	3.330669e-16	2.72	15.214286	9.473109	34.0	0.0	0.3693155	0.24177167	0.72177225	3.330669e-16	0.2876805	0.040568974	0.3944623	0.20040673	20600	-0.023357205	0.030200925	-0.0035668663	-0.0015788586	2.3357248	-0.00030901423	0.0	4.0	83.79779148101807	220
206	0.33213326	0.15453425	0.5853054	0.01815861	3.0869565	18.76923	9.97037	37.0	1.0	0.33659407	0.15015125	0.5853054	0.01815861	0.3192139	0.049243327	0.42732203	0.25595468	20700	-0.0231263	0.012122587	-0.0023071966	0.0002563484	2.3126307	-0.000120351324	0.0	4.0	84.23061323165894	232
207	0.24889612	0.17581908	0.57703924	3.330669e-16	2.6153846	18.766666	10.242667	37.0	3.0	0.27155036	0.17717844	0.57703924	3.330669e-16	0.32137847	0.055512447	0.48052466	0.25612104	20800	-0.024099663	0.015668103	-0.0045789145	0.000111715635	2.409965	0.0017170333	0.0	4.0	84.77911329269409	183
208	0.28084627	0.21613382	0.74663377	3.330669e-16	3.0	13.384615	9.671834	32.0	1.0	0.32423708	0.2156915	0.74663377	3.330669e-16	0.33121815	0.062431954	0.47927487	0.23694204	20900	-0.023159012	0.02170642	-0.0043738596	-0.00010447716	2.315902	-0.00058293104	0.0	4.0	85.23142886161804	222
209	0.32465082	0.19105962	0.63117605	0.0	3.3809524	17.2	10.560303	31.0	1.0	0.34896877	0.183693	0.63117605	0.0	0.33480102	0.056128126	0.45154852	0.26142955	21000	-0.022950597	0.017703414	-0.0026351959	-8.153147e-05	2.2950604	-0.0013959551	0.0	4.0	85.72593522071838	203
210	0.16000956	0.21252285	0.65096146	-0.18589897	2.875	18.407408	13.283962	37.0	0.0	0.1752312	0.20800269	0.65096146	-0.18589897	0.31289712	0.049764197	0.44374412	0.22472182	21100	-0.024013355	0.030631723	-0.0027318918	-0.0021848576	2.4013324	0.00091470004	0.0	4.0	86.31894659996033	169
211	0.32178035	0.23030773	0.74931043	3.330669e-16	2.9166667	13.777778	11.948449	37.0	0.0	0.35546347	0.22778416	0.74931043	3.330669e-16	0.30330634	0.044091303	0.4038091	0.23197433	21200	-0.02336964	0.026563928	-0.0018959893	0.00074215885	2.336963	-0.000102488964	0.0	4.0	86.77231740951538	222
212	0.1943291	0.20764007	0.60945714	0.0	3.0	17.928572	11.7258215	36.0	0.0	0.2325267	0.20534807	0.60945714	0.0	0.28363824	0.03199612	0.3499131	0.22029828	21300	-0.023514353	0.02137437	-0.0013466738	-0.00037322333	2.3514333	-0.0007410002	0.0	4.0	87.1433675289154	271
213	0.34287527	0.20221794	0.73393184	0.0	3.3043478	19.125	11.065384	37.0	0.0	0.36290115	0.19179165	0.73393184	0.0	0.28424534	0.032457154	0.3523552	0.20042071	21400	-0.023061063	0.020381179	-0.002248276	7.159996e-05	2.306108	0.00077791215	0.0	4.0	87.55941557884216	241
214	0.24504064	0.18894438	0.5694149	-0.002941055	2.5384614	17.733334	12.323239	37.0	0.0	0.28008586	0.17664002	0.5694149	-0.002941055	0.27517343	0.031935908	0.36194894	0.20154148	21500	-0.024192099	0.01386797	-0.0018170485	-0.00013930327	2.4192076	2.4845605e-05	0.0	4.0	88.06303572654724	200
215	0.2874668	0.15533848	0.69951946	0.0	2.5555556	16.133333	10.889546	36.0	0.0	0.28861034	0.16132589	0.69951946	0.0	0.28448218	0.03437938	0.37639588	0.23044494	21600	-0.024178132	0.01295184	-0.0016636597	4.7089998e-05	2.4178135	0.00023652554	0.0	4.0	88.56377482414246	200
216	0.23928548	0.20778896	0.68955463	3.330669e-16	2.875	20.444445	10.709405	36.0	2.0	0.27458358	0.20063473	0.68955463	3.330669e-16	0.28766486	0.03835019	0.3655211	0.19638106	21700	-0.02361875	0.0176046	-0.0020480826	-3.603287e-06	2.3618774	-0.00027179008	0.0	4.0	88.96231245994568	252
217	0.3177316	0.1991517	0.7221745	3.330669e-16	2.7916667	15.925926	10.916945	35.0	1.0	0.34627885	0.18381324	0.7221745	3.330669e-16	0.28888294	0.03476945	0.3641886	0.20954172	21800	-0.023851909	0.017849084	-0.002179047	-0.00030460372	2.3851883	0.000105144965	0.0	4.0	89.47457146644592	195
218	0.2767565	0.20004249	0.64994544	0.0008413592	3.0416667	18.346153	11.384681	35.0	0.0	0.29462346	0.1946416	0.64994544	0.0008413592	0.29690656	0.0389547	0.37252867	0.21400145	21900	-0.023559913	0.018276459	-0.002113339	8.7652355e-05	2.3559933	0.0004968643	0.0	4.0	89.9676103591919	203
219	0.29512355	0.2165017	0.70972115	0.0	3.0833333	17.5	10.778361	34.0	0.0	0.33349636	0.21316831	0.70972115	0.0	0.30780452	0.042485718	0.39485648	0.2494455	22000	-0.023440227	0.021871056	-0.0016645938	-0.00010707788	2.3440242	-0.00048489808	0.0	4.0	90.4055449962616	230
220	0.2863556	0.24019432	0.7241908	0.0	2.8	20.464285	10.923376	37.0	0.0	0.33778864	0.23123205	0.7241908	0.0	0.30584973	0.047321033	0.41486079	0.2153195	22100	-0.023926936	0.024670403	-0.0016514505	-0.00020314963	2.3926966	-0.00039731502	0.0	4.0	90.93595957756042	190
221	0.28214803	0.1900892	0.5988933	0.0	2.8333333	17.678572	10.44391	37.0	2.0	0.28249905	0.17340577	0.5988933	0.0	0.3159283	0.04661944	0.42079237	0.23973313	22200	-0.02410872	0.01660491	-0.0012810491	1.35176815e-05	2.410871	0.00071243284	0.0	4.0	91.5081684589386	175
222	0.27663308	0.23836444	0.7066827	0.0	3.1304348	15.153846	11.086	37.0	0.0	0.2860612	0.23661456	0.7066827	0.0	0.32395387	0.050198518	0.43252945	0.2610348	22300	-0.023431644	0.029706825	-0.0045480253	-0.0006378009	2.3431654	0.0007475639	0.0	4.0	92.00484943389893	203
223	0.31678084	0.23814146	0.7705313	3.330669e-16	2.3333333	16.870968	11.09124	35.0	2.0	0.35140184	0.22048067	0.7705313	3.330669e-16	0.3005558	0.04186745	0.40553942	0.20615324	22400	-0.02474478	0.023045149	-0.0014637685	0.00025529228	2.4744768	-0.0015040397	0.0	4.0	92.44327044487	229
224	0.36369026	0.23619607	0.82512724	0.0	2.76	16.25	9.781999	36.0	0.0	0.38965777	0.22464587	0.82512724	0.0	0.30207783	0.037799824	0.392938	0.24890465	22500	-0.023945462	0.028573524	-0.002307035	-0.0005473322	2.3945491	0.00013506174	0.0	4.0	92.93438124656677	204
225	0.24893749	0.24892841	0.6756044	0.0	3.173913	17.038462	11.5007715	36.0	0.0	0.27724552	0.24768308	0.6756044	0.0	0.314342	0.05021223	0.42590982	0.20969984	22600	-0.023199141	0.030597132	-0.0035789385	0.00020647794	2.3199172	0.00058028696	0.0	4.0	93.45881700515747	191
226	0.40065467	0.15620545	0.6976985	3.330669e-16	3.0869565	17.2	10.814805	34.0	0.0	0.42095843	0.14237142	0.6976985	3.330669e-16	0.32098952	0.04441891	0.40908873	0.26178133	22700	-0.023217682	0.0148516055	-0.0015360303	-0.00058166886	2.3217728	-0.00034636733	0.0	4.0	93.90118837356567	227
227	0.31956744	0.1952244	0.72853756	3.330669e-16	2.4444444	17.35484	10.867377	37.0	3.0	0.3398801	0.17853254	0.72853756	3.330669e-16	0.32276627	0.048875734	0.41776246	0.26675725	22800	-0.024326846	0.015594772	-0.0020436975	2.8544571e-05	2.4326887	-7.979633e-05	0.0	4.0	94.427983045578	190
228	0.28928575	0.24960333	0.7066982	0.0	2.92	14.0	9.858254	33.0	0.0	0.2859117	0.24528295	0.7066982	0.0	0.33186254	0.054190587	0.46310312	0.2615089	22900	-0.023725513	0.031030808	-0.002568826	-0.00022329716	2.3725507	0.00047364	0.0	4.0	94.95898985862732	189
229	0.34289917	0.2181657	0.68544054	-0.03586827	3.0	20.444445	10.027123	37.0	2.0	0.3747468	0.20557798	0.68544054	-0.03586827	0.33791655	0.052069124	0.4358245	0.26734072	23000	-0.023333982	0.021091275	-0.0021341685	0.00010296493	2.333397	0.0007382512	0.0	4.0	95.607412815094	156
230	0.24110843	0.18471001	0.5696327	3.330669e-16	2.8	15.206897	11.259874	35.0	0.0	0.26772714	0.18646969	0.5696327	3.330669e-16	0.32103583	0.047319088	0.432371	0.24183041	23100	-0.023811862	0.01757522	-0.0009880527	-0.0001765734	2.3811867	0.00022195339	0.0	4.0	96.17723655700684	176
231	0.27430654	0.2178182	0.6543992	0.0	3.3913043	21.833334	10.213009	37.0	4.0	0.266939	0.22246237	0.6543992	0.0	0.32726204	0.041985	0.4169373	0.2695616	23200	-0.022629054	0.028639918	-0.004614747	-0.0014704396	2.2629063	0.0025376845	0.0	4.0	96.66243147850037	207
232	0.26419422	0.21698916	0.6385245	0.0	3.2727273	23.04	10.192075	37.0	2.0	0.26867685	0.20748346	0.6385245	0.0	0.30415982	0.035305757	0.3866495	0.25574645	23300	-0.023158923	0.022529542	-0.0045114495	-0.00085752946	2.3158882	0.0015362788	0.0	4.0	97.10963368415833	224
233	0.28022993	0.18381804	0.6675361	0.0	2.96	16.535715	11.001565	35.0	0.0	0.2788849	0.18580022	0.6675361	0.0	0.27772877	0.02592574	0.35095668	0.20820284	23400	-0.023279876	0.016822936	-0.0039964393	3.3186516e-05	2.3279898	0.000833075	0.0	4.0	97.64223837852478	190
234	0.28083327	0.15609542	0.5828182	0.0	3.0	13.222222	9.190709	35.0	1.0	0.28099	0.15356316	0.5828182	0.0	0.2696971	0.029582094	0.3424978	0.19571686	23500	-0.023031395	0.011799398	-0.0038766423	0.00011271205	2.303139	0.0009689903	0.0	4.0	98.13833737373352	202
235	0.31233934	0.18392913	0.6179051	0.0	2.9583333	18.785715	10.167726	36.0	1.0	0.3088314	0.1771121	0.6179051	0.0	0.2592688	0.03256069	0.3482832	0.14988069	23600	-0.023065537	0.01620549	-0.0040134694	-0.00010181859	2.3065553	0.0006557083	0.0	4.0	98.69149136543274	181
236	0.2806397	0.23372066	0.69445336	0.0	2.88	21.142857	11.356918	36.0	0.0	0.31354418	0.21411324	0.69445336	0.0	0.26095858	0.029318169	0.3323131	0.17503393	23700	-0.022741683	0.02465865	-0.0014794692	-0.0007343218	2.2741709	0.0004759908	0.0	4.0	99.2571473121643	177
237	0.27011448	0.17906594	0.70326954	3.330669e-16	2.5185184	19.466667	11.971448	35.0	0.0	0.28692204	0.1629709	0.70326954	3.330669e-16	0.2776262	0.027432818	0.35301393	0.21658853	23800	-0.023433477	0.013244854	-0.0012211241	-8.5602514e-05	2.343349	-0.0001611233	0.0	4.0	99.79830956459045	185
238	0.22481596	0.21961883	0.7186145	0.0	2.9583333	18.518518	10.5878	37.0	1.0	0.23919968	0.21727982	0.7186145	0.0	0.28987756	0.031697102	0.39894348	0.22254747	23900	-0.022684593	0.024497312	-0.0021301424	0.00011582463	2.2684596	0.00013894559	0.0	4.0	100.32876968383789	189
239	0.2582941	0.21831475	0.70131123	0.0	2.6153846	19.1	12.182912	37.0	0.0	0.2908063	0.21093196	0.70131123	0.0	0.2931679	0.028149027	0.36249268	0.25371405	24000	-0.022936866	0.022080239	-0.001709871	1.983717e-06	2.293685	-0.0003888893	0.0	4.0	100.88615894317627	180
240	0.33003452	0.22044937	0.70296025	0.0	2.92	18.321428	11.655941	37.0	0.0	0.3364103	0.21825919	0.70296025	0.0	0.29552975	0.034827705	0.38342783	0.23604685	24100	-0.022784304	0.0239289	-0.002181435	-5.7976227e-05	2.2784326	0.0009163046	0.0	4.0	101.41011428833008	192
241	0.33182624	0.21748324	0.71131104	0.0	2.88	19.464285	11.638858	36.0	1.0	0.35888907	0.20420775	0.71131104	0.0	0.28908893	0.03193668	0.36233145	0.20126262	24200	-0.022545725	0.022520715	-0.0020339778	-0.00060921186	2.2545755	0.000454793	0.0	4.0	102.00285077095032	169
242	0.35012734	0.21543331	0.7043715	0.0	3.04	19.76923	10.899216	37.0	0.0	0.35007912	0.22403392	0.7043715	0.0	0.30579564	0.034339346	0.3833903	0.24780396	24300	-0.022256441	0.026458792	-0.003947627	-0.00017839251	2.2256472	0.0012004066	0.0	4.0	102.52429389953613	193
243	0.3575431	0.24381132	0.70372134	-0.20490085	2.6	18.724138	11.764636	37.0	0.0	0.3851927	0.22563083	0.70372134	-0.20490085	0.31693634	0.04075838	0.4213614	0.2501379	24400	-0.022871062	0.027169365	-0.0016553542	-0.00075338455	2.2871065	0.0010500384	0.0	4.0	103.05496430397034	189
244	0.2616281	0.1950523	0.69044185	3.330669e-16	2.2666667	19.875	11.863152	37.0	1.0	0.28159058	0.18660279	0.69044185	3.330669e-16	0.32840493	0.047900908	0.43598267	0.2759142	24500	-0.023599265	0.017167578	-0.0012403214	0.00034369063	2.3599277	-0.0005033469	0.0	4.0	103.71469378471375	152
245	0.30042693	0.21137385	0.64966863	2.220446e-16	2.5	16.533333	10.778786	37.0	0.0	0.3467858	0.2061207	0.64966863	2.220446e-16	0.33127725	0.047167562	0.46605152	0.2796884	24600	-0.023253243	0.02026932	-0.0029696662	-8.819648e-05	2.3253264	0.000338006	0.0	4.0	104.36900758743286	153
246	0.29708838	0.16315743	0.4989798	3.330669e-16	2.9583333	14.37037	11.199035	37.0	0.0	0.29810792	0.16313003	0.4989798	3.330669e-16	0.34428352	0.0534288	0.45117122	0.25971875	24700	-0.022568423	0.014728781	-0.0021412857	-0.0001994723	2.2568421	-0.00016129973	0.0	4.0	105.08384418487549	141
247	0.31525758	0.17364602	0.65227365	1.1720972e-06	2.9130435	20.0	9.730997	37.0	2.0	0.3388841	0.15137306	0.65227365	1.1720972e-06	0.34033656	0.046890866	0.44044435	0.2731297	24800	-0.022933044	0.010900379	-0.0026908368	-0.00011243229	2.2933044	0.00021497248	0.0	4.0	105.62313580513	186
248	0.22818552	0.20069198	0.6445084	3.330669e-16	2.2962964	16.838709	10.842261	35.0	0.0	0.27294448	0.19176547	0.6445084	3.330669e-16	0.32066894	0.0394748	0.39612117	0.24742544	24900	-0.02382981	0.018149318	-0.0036696345	-0.00027546147	2.3829784	0.0014118243	0.0	4.0	106.13657999038696	196
249	0.2894677	0.21275991	0.66517884	3.330669e-16	2.56	17.5	10.227763	36.0	0.0	0.32136616	0.1935205	0.66517884	3.330669e-16	0.3165929	0.036895867	0.41334072	0.24985823	25000	-0.023184478	0.017941657	-0.003348656	7.190299e-05	2.3184528	0.0005002117	0.0	4.0	106.65107202529907	195
250	0.2734878	0.19543415	0.6331195	3.330669e-16	2.6666667	14.740741	12.842616	36.0	0.0	0.30840653	0.17835763	0.6331195	3.330669e-16	0.31681582	0.035317898	0.39525068	0.2699142	25100	-0.02294933	0.015319668	-0.0031474158	-1.295656e-05	2.2949343	-1.1296303e-05	0.0	4.0	107.21160674095154	179
251	0.28414848	0.2072152	0.65418184	3.330669e-16	2.357143	19.870968	11.669486	37.0	0.0	0.30382127	0.20701958	0.65418184	3.330669e-16	0.3073486	0.034993168	0.38558662	0.26158768	25200	-0.023703132	0.020219058	-0.0026831971	-1.450628e-05	2.3703108	0.0016086554	0.0	4.0	107.8340573310852	162
252	0.34595838	0.20251116	0.6669563	0.0	3.75	18.208334	9.831833	37.0	0.0	0.35626912	0.2006018	0.6669563	0.0	0.3130311	0.03273303	0.39442837	0.2695858	25300	-0.022016814	0.020440262	-0.001771451	-0.0001240056	2.2016838	-0.001470027	0.0	4.0	108.3998110294342	178
253	0.28031784	0.19674069	0.6731268	0.0	2.68	14.4827585	11.466956	35.0	0.0	0.31693155	0.17820083	0.6731268	0.0	0.31265175	0.03661525	0.39200887	0.22736165	25400	-0.023392342	0.014855526	-0.0022062003	-7.60213e-05	2.339233	0.00023205281	0.0	4.0	108.9305031299591	189
254	0.30248237	0.21936923	0.6701382	0.0	3.173913	19.653847	9.758398	36.0	0.0	0.33442312	0.22577153	0.6701382	0.0	0.32122433	0.04100074	0.41860443	0.23655574	25500	-0.022508502	0.023301125	-0.002602376	-0.0001161953	2.250853	-0.00080738065	0.0	4.0	109.43540811538696	198
255	0.36444187	0.25106886	0.7229356	0.0	2.9583333	17.11111	10.347063	37.0	3.0	0.36598155	0.250423	0.7229356	0.0	0.3285092	0.046481162	0.43467534	0.24833797	25600	-0.023059562	0.031753782	-0.003444776	-2.217805e-05	2.3059607	0.00028116698	0.0	4.0	110.0161361694336	173
256	0.23207068	0.19868375	0.689492	0.0	2.9583333	19.153847	10.843971	36.0	1.0	0.25000712	0.1891108	0.689492	0.0	0.32705203	0.04551027	0.41193286	0.24061543	25700	-0.023262754	0.019978378	-0.002568381	-0.00043508422	2.326274	0.00097514864	0.0	4.0	110.58268117904663	178
257	0.2877439	0.1906985	0.71980184	3.330669e-16	3.0	16.37037	10.399958	37.0	0.0	0.29814306	0.18174009	0.71980184	3.330669e-16	0.3245952	0.042255532	0.40240264	0.23533529	25800	-0.023030303	0.015408099	-0.001455443	-0.00026361004	2.303031	9.956598e-05	0.0	4.0	111.06304812431335	209
258	0.28535205	0.19226366	0.6339627	0.0	2.96	13.37037	9.821172	35.0	0.0	0.29903352	0.18760666	0.6339627	0.0	0.31220913	0.03504473	0.39845994	0.23550954	25900	-0.022912242	0.016434053	-0.0020577554	-0.0001040434	2.2912226	0.00014614343	0.0	4.0	111.53210711479187	214
259	0.31128213	0.23298565	0.6981272	0.0	2.84	17.965517	10.626845	36.0	0.0	0.3348674	0.22387968	0.6981272	0.0	0.30497023	0.037358828	0.40623164	0.22233196	26000	-0.022918716	0.023737831	-0.0028003938	9.289477e-05	2.291871	-0.00050898077	0.0	4.0	111.99499845504761	217
260	0.263023	0.18565935	0.6881367	3.330669e-16	2.9166667	18.192308	11.296763	36.0	0.0	0.29396075	0.1772424	0.6881367	3.330669e-16	0.29601848	0.029486934	0.37812614	0.2253358	26100	-0.022698767	0.014747228	-0.0023612678	-2.2928696e-05	2.2698743	-0.00057291746	0.0	4.0	112.51814126968384	193
261	0.3579503	0.20747522	0.7444434	1.4389693e-06	3.0434783	19.08	10.415067	36.0	1.0	0.37373695	0.18845871	0.7444434	1.4389693e-06	0.30109233	0.02911216	0.3796603	0.26060095	26200	-0.022514924	0.019532096	-0.0015402059	-0.000595107	2.2514915	0.0006596851	0.0	4.0	112.98238730430603	216
262	0.3757578	0.2362031	0.73264533	0.0	3.3181818	19.88	11.430905	37.0	0.0	0.38177732	0.23564486	0.73264533	0.0	0.31401253	0.033772264	0.39804888	0.25145543	26300	-0.022020519	0.029766629	-0.0029725712	-0.0006507912	2.2020555	0.0006335735	0.0	4.0	113.47695541381836	203
263	0.40313953	0.23906459	0.7138841	3.330669e-16	2.7826087	19.88889	10.429067	36.0	0.0	0.43195435	0.2129094	0.7138841	3.330669e-16	0.3309259	0.043379404	0.41728562	0.27205893	26400	-0.023090031	0.026762974	-0.001754161	-0.0018294035	2.3090076	-0.00031934737	0.0	4.0	114.0288918018341	182
264	0.28854772	0.24468175	0.71293706	0.0	3.0833333	15.703704	11.699367	37.0	0.0	0.2951649	0.2472286	0.71293706	0.0	0.3568562	0.059378497	0.4660311	0.26835063	26500	-0.022621423	0.03430292	-0.0028815856	0.00085916626	2.2621417	0.0005169081	0.0	4.0	114.43524122238159	247
265	0.2632058	0.18354282	0.6295712	3.330669e-16	2.275862	22.096775	11.4929285	36.0	1.0	0.2766317	0.17832695	0.6295712	3.330669e-16	0.3502385	0.055233285	0.47382236	0.2633584	26600	-0.023594178	0.01783513	-0.0012043426	-0.000652876	2.3594248	0.00059069635	0.0	4.0	115.00820755958557	175
266	0.30298936	0.23470397	0.7080767	3.330669e-16	3.0	17.148148	10.9500675	36.0	0.0	0.3432372	0.21732907	0.7080767	3.330669e-16	0.35301507	0.05555936	0.46578884	0.24883594	26700	-0.022245452	0.021695388	-0.0028001773	-4.622317e-05	2.2245479	-0.00081435917	0.0	4.0	115.61061811447144	167
267	0.29772243	0.18864487	0.6952457	3.330669e-16	2.6153846	19.0	12.512063	36.0	0.0	0.33398667	0.1743544	0.6952457	3.330669e-16	0.34401768	0.052110728	0.45282507	0.2505343	26800	-0.023111708	0.014301807	-0.0034976937	-3.5056844e-05	2.3111691	0.0004118061	0.0	4.0	116.15116262435913	187
268	0.3378199	0.24222998	0.72757536	0.0	3.0416667	21.038462	10.998184	37.0	1.0	0.36572275	0.23161457	0.72757536	0.0	0.33787525	0.04387991	0.41173476	0.28017735	26900	-0.022594124	0.026404986	-0.0011458285	3.286777e-05	2.259414	-0.00022583958	0.0	4.0	116.55571556091309	249
269	0.37576517	0.20865378	0.70350605	3.330669e-16	3.5238094	17.25	10.921119	36.0	0.0	0.3960799	0.18684736	0.70350605	3.330669e-16	0.33747628	0.042682007	0.42049456	0.27966583	27000	-0.02172989	0.018730683	-0.0018694103	-0.0002432291	2.1729891	-0.0011346841	0.0	4.0	117.04788327217102	204
270	0.2964899	0.22457138	0.7247195	0.0	3.0	14.730769	11.898797	37.0	0.0	0.31259945	0.23349334	0.7247195	0.0	0.33667487	0.043499947	0.42564785	0.27520537	27100	-0.022700839	0.027336935	-0.0013303235	9.1011636e-05	2.2700813	-0.0001432705	0.0	4.0	117.59986662864685	182
271	0.28690362	0.19642076	0.6114343	0.0	3.04	18.961538	11.979087	37.0	0.0	0.30617487	0.19570494	0.6114343	0.0	0.3417569	0.04719638	0.42849082	0.26360872	27200	-0.022563472	0.019486452	-0.0034107454	-0.0002796658	2.2563467	0.00046200037	0.0	4.0	118.15352535247803	182
272	0.34310588	0.22561473	0.6991039	0.0	3.4347825	17.541666	10.507851	37.0	1.0	0.34054863	0.23907462	0.6991039	0.0	0.3313935	0.041481245	0.41609326	0.2419081	27300	-0.021941617	0.028464157	-0.0066207685	-0.00019720918	2.194161	0.0028812957	0.0	4.0	118.60852336883545	221
273	0.35358542	0.1901761	0.68765414	3.330669e-16	3.1818182	15.8	9.58332	35.0	3.0	0.36231852	0.16374812	0.68765414	3.330669e-16	0.32146654	0.03417418	0.39576557	0.2577507	27400	-0.022488765	0.013734423	-0.0011449018	8.4554544e-05	2.2488747	-0.00021328445	0.0	4.0	119.08830976486206	209
274	0.36516058	0.18214779	0.7070198	2.220446e-16	2.3703704	18.548388	10.667523	37.0	0.0	0.39389184	0.16850413	0.7070198	2.220446e-16	0.31890076	0.03566065	0.4240632	0.2796995	27500	-0.023296073	0.016902734	-0.0008986965	-0.00055811147	2.3296084	9.0813555e-06	0.0	4.0	119.59564733505249	198
275	0.25410953	0.18340997	0.6159559	0.0	2.9166667	19.692308	10.907898	37.0	0.0	0.26129755	0.17802587	0.6159559	0.0	0.32462212	0.03911763	0.42680067	0.23478827	27600	-0.022711143	0.016391354	-0.0026334394	0.00021283794	2.2711132	-0.0002056694	0.0	4.0	120.1453869342804	182
276	0.35399273	0.17052054	0.6875673	0.0	2.76	18.035715	11.959701	37.0	1.0	0.3596162	0.1739573	0.6875673	0.0	0.33197153	0.039701562	0.41771567	0.28203255	27700	-0.023145624	0.014955422	-0.0028540092	3.016903e-06	2.3145623	-1.5749887e-05	0.0	4.0	120.6743004322052	189
277	0.35652688	0.19202316	0.6584349	0.0	2.76	17.428572	9.897433	36.0	0.0	0.37542906	0.1858033	0.6584349	0.0	0.33051828	0.039275773	0.40666923	0.26749572	27800	-0.022851545	0.01717224	-0.0024360344	-0.00010565901	2.285151	-0.000104126986	0.0	4.0	121.10978388786316	230
278	0.32926214	0.22374785	0.7395998	3.330669e-16	2.875	15.464286	10.424841	35.0	1.0	0.3404899	0.21090506	0.7395998	3.330669e-16	0.3335871	0.04070139	0.4332479	0.26339743	27900	-0.022691365	0.020516109	-0.002325099	2.4647452e-06	2.2691374	-2.7258393e-05	0.0	4.0	121.53732395172119	235
279	0.33251983	0.19338149	0.7391763	0.0	2.96	16.185184	10.356737	37.0	1.0	0.3513956	0.18339929	0.7391763	0.0	0.34394783	0.045367863	0.44318968	0.2769168	28000	-0.022373814	0.016436981	-0.0024596942	-1.4315941e-05	2.2373834	-0.0003140545	0.0	4.0	121.97903251647949	228
280	0.35282052	0.15347536	0.7369848	3.330669e-16	2.4444444	17.3	10.798611	37.0	1.0	0.38067475	0.14871107	0.7369848	3.330669e-16	0.34291717	0.04211798	0.43830225	0.28988826	28100	-0.023097754	0.01097054	-0.0012880247	-0.00015358423	2.3097732	-0.0003539705	0.0	4.0	122.44049406051636	218
281	0.30998343	0.2101405	0.6542168	0.0	3.0	19.821428	10.723984	37.0	0.0	0.3184759	0.21104978	0.6542168	0.0	0.33689883	0.042304784	0.45079324	0.2616141	28200	-0.022322804	0.021676607	-0.0024851449	4.9858063e-05	2.2322829	-9.260178e-05	0.0	4.0	122.90047931671143	219
282	0.26168123	0.18371025	0.586199	0.0	3.2272727	16.115385	12.064975	36.0	0.0	0.28169805	0.1821107	0.586199	0.0	0.34621048	0.04208331	0.4270328	0.25417948	28300	-0.022101387	0.016970146	-0.0021634996	-0.0004892349	2.2101374	0.00090379	0.0	4.0	123.45059013366699	184
283	0.27341062	0.21836786	0.627732	0.0	2.64	13.310345	10.38601	37.0	0.0	0.3253689	0.1943649	0.627732	0.0	0.33048967	0.036223162	0.42737067	0.2800955	28400	-0.022710904	0.01741347	-0.0027506389	0.00012087333	2.2710893	-0.0005210829	0.0	4.0	123.97622275352478	192
284	0.29571065	0.21565577	0.6902991	0.0	2.84	14.827586	11.073637	37.0	0.0	0.31031328	0.21048392	0.6902991	0.0	0.3261583	0.03687309	0.42448002	0.2486087	28500	-0.022495441	0.021514535	-0.002474555	-0.0001060816	2.249545	0.00015309814	0.0	4.0	124.40284895896912	237
285	0.35117584	0.17128205	0.71505666	0.015313811	2.64	17.586206	10.300711	36.0	0.0	0.36449596	0.1599557	0.71505666	0.015313811	0.32342216	0.035579067	0.4164424	0.27478278	28600	-0.022932999	0.013117304	-0.0016513038	7.487659e-06	2.2932997	-0.00028169632	0.0	4.0	124.80049276351929	252
286	0.32075003	0.18800901	0.6422099	0.0	3.0	12.518518	9.585368	30.0	1.0	0.34192932	0.17848286	0.6422099	0.0	0.323505	0.034014236	0.40818262	0.2632089	28700	-0.022279244	0.015546408	-0.0022901036	-0.00016022637	2.2279243	-0.00023375989	0.0	4.0	125.2164454460144	241
287	0.37630635	0.20405559	0.73560846	0.0	3.3181818	19.125	10.748304	35.0	0.0	0.39108586	0.20488505	0.73560846	0.0	0.3338442	0.038722917	0.431559	0.2646125	28800	-0.021540157	0.022107087	-0.0013144528	-0.00043447455	2.154015	-0.00023558378	0.0	4.0	125.68445253372192	214
288	0.17669381	0.1805974	0.49971765	0.0	2.6923077	15.275862	11.705868	36.0	0.0	0.19010425	0.18309878	0.49971765	0.0	0.33317932	0.03980104	0.41049692	0.24339274	28900	-0.022697352	0.026140159	-0.0018356266	-0.0008112232	2.26973	0.0006068111	0.0	4.0	126.18327212333679	202
289	0.26451153	0.19692253	0.6963585	0.0	2.6666667	18.821428	10.184209	37.0	2.0	0.291862	0.18981716	0.6963585	0.0	0.3293665	0.036111582	0.4340146	0.25159824	29000	-0.02294837	0.017792609	-0.0018505864	-0.0005087927	2.294836	0.0007670927	0.0	4.0	126.65701484680176	212
290	0.31744695	0.24018419	0.81268185	0.0	2.310345	18.4375	11.022527	36.0	0.0	0.3649766	0.23138379	0.81268185	0.0	0.31289738	0.03840949	0.39083272	0.21787596	29100	-0.023204848	0.026459191	-0.0019917432	0.00035962742	2.320486	-0.00028661013	0.0	4.0	127.16288161277771	199
291	0.32106027	0.19463834	0.67732924	6.695673e-07	3.0416667	17.0	10.615664	31.0	1.0	0.3214825	0.18549491	0.67732924	6.695673e-07	0.3114872	0.037723824	0.40105486	0.22473627	29200	-0.022103667	0.016339866	-0.0019887611	-6.2631094e-05	2.2103603	0.00014373542	0.0	4.0	127.57589077949524	243
292	0.2988051	0.24095447	0.775483	0.0	3.125	16.88	11.279432	37.0	1.0	0.32095587	0.2439523	0.775483	0.0	0.3135472	0.03122875	0.38449323	0.23954147	29300	-0.021875009	0.028418241	-0.001914937	-4.1412422e-05	2.1875024	-0.0005022788	0.0	4.0	127.97586870193481	251
293	0.322015	0.21086839	0.65534824	3.330669e-16	3.0434783	19.538462	11.389032	37.0	0.0	0.33251017	0.1973279	0.65534824	3.330669e-16	0.31630906	0.032924395	0.39429373	0.24583328	29400	-0.022353683	0.018588612	-0.0020739576	-6.5898756e-05	2.2353692	0.0009498	0.0	4.0	128.39575576782227	239
294	0.3748095	0.1890422	0.68681026	3.330669e-16	2.76	17.071428	11.637158	37.0	0.0	0.39750475	0.16965047	0.68681026	3.330669e-16	0.3265191	0.035272174	0.42847195	0.2750297	29500	-0.022543129	0.016166698	-0.0009845919	-0.0005931925	2.2543137	0.00012341261	0.0	4.0	128.81959509849548	238
295	0.29908556	0.20226714	0.6983973	0.0	2.9166667	21.178572	11.282267	36.0	0.0	0.2979797	0.1988955	0.6983973	0.0	0.33857635	0.04294833	0.42647603	0.26538578	29600	-0.022317182	0.02051323	-0.0040925965	0.0002475842	2.2317166	-0.00046013593	0.0	4.0	129.49894523620605	148
296	0.34284157	0.19596632	0.6419445	0.0	2.7307692	17.137932	11.658131	37.0	0.0	0.3486985	0.19512388	0.6419445	0.0	0.3406562	0.045614388	0.44290224	0.2528776	29700	-0.022539005	0.018309813	-0.0040258467	-0.00011027581	2.2538934	-0.00015747308	0.0	4.0	129.92149543762207	237
297	0.33666924	0.17905608	0.690362	0.0	3.2727273	20.04	11.431465	36.0	0.0	0.33817473	0.17347443	0.690362	0.0	0.3385942	0.04129292	0.43128404	0.251384	29800	-0.021476425	0.014966477	-0.0031124335	-0.00015395292	2.1476378	0.0017454505	0.0	4.0	130.3444516658783	238
298	0.25419188	0.20970064	0.7106632	0.0	2.5769231	19.551723	11.223701	36.0	1.0	0.27896276	0.21693772	0.7106632	0.0	0.32285935	0.032447297	0.41396058	0.24111722	29900	-0.022513755	0.024409246	-0.0024895668	-0.00022266433	2.2513707	0.0002726245	0.0	4.0	130.81567311286926	214
299	0.23677446	0.17263216	0.5257008	0.0	2.392857	21.0	10.607362	37.0	0.0	0.23764771	0.17229457	0.5257008	0.0	0.3167663	0.03582543	0.4158235	0.22266895	30000	-0.022511326	0.016684558	-0.0023205597	-0.0009620362	2.2511363	0.00055830245	0.0	4.0	131.2344629764557	239
