Epoch	AverageEpRet	StdEpRet	MaxEpRet	MinEpRet	EpLen	AverageAct	StdAct	MaxAct	MinAct	AverageRetBuf	StdRetBuf	MaxRetBuf	MinRetBuf	AverageVVals	StdVVals	MaxVVals	MinVVals	TotalEnvInteracts	LossPi	LossV	DeltaLossPi	DeltaLossV	Entropy	KL	ClipFrac	StopIter	Time	FPS
0	0.3204681	0.18743463	0.6564499	0.0	3.9411764	12.15	8.889741	33.0	1.0	0.26490775	0.20694903	0.6564499	0.0	0.07779084	0.017230129	0.10772832	0.026170373	100	-0.01606302	0.038765468	-0.0032193204	-0.0010288418	1.6063031	-0.0001324034	0.0	4.0	0.4085121154785156	244
1	0.30222568	0.23560143	0.65772617	0.0	6.0	14.733334	9.2120695	37.0	1.0	0.27393436	0.23108917	0.65772617	0.0	0.08791085	0.017331839	0.1237522	0.038019992	200	-0.016065627	0.044132553	-0.0015650168	-0.0010947228	1.60657	0.0005238486	0.0	4.0	0.7620594501495361	286
2	0.35310113	0.20737827	0.7741573	0.0	6.5	18.4375	12.854808	36.0	1.0	0.3165749	0.21999685	0.7741573	0.0	0.09230372	0.015133748	0.12529695	0.058553845	300	-0.01606737	0.049903117	-0.0013746163	-0.0013819956	1.6067356	-9.9339464e-05	0.0	4.0	1.093440294265747	303
3	0.2622333	0.20643696	0.65081954	2.220446e-16	3.6470587	23.380953	9.448992	37.0	3.0	0.29240745	0.21451496	0.65081954	2.220446e-16	0.10067405	0.01471319	0.1298857	0.06620039	400	-0.016066663	0.04215923	-0.0011794493	-0.0011730883	1.6066643	7.299902e-05	0.0	4.0	1.5036404132843018	244
4	0.25562167	0.18446267	0.5602357	0.0	4.625	13.842105	9.5546255	37.0	0.0	0.22922495	0.18342143	0.5602357	0.0	0.10543444	0.014111229	0.13283896	0.07403295	500	-0.016065957	0.023599142	-0.0010463819	-0.0006579249	1.6065974	0.00012567997	0.0	4.0	2.00301194190979	202
5	0.30179954	0.19351384	0.5557449	-0.05230519	5.428571	18.61111	8.007905	36.0	3.0	0.3293819	0.17557612	0.5557449	-0.05230519	0.114487365	0.013562577	0.1491076	0.08273079	600	-0.016066007	0.038152717	-0.0009162142	-0.001297781	1.6065952	0.00025730132	0.0	4.0	2.4468038082122803	228
6	0.28665677	0.24728507	0.6575348	-0.084310874	3.6842105	22.681818	10.997464	37.0	0.0	0.32034078	0.24180916	0.6575348	-0.084310874	0.120525934	0.013741078	0.15216959	0.08817276	700	-0.016065776	0.049337164	-0.001342277	-0.0012021223	1.6065748	0.00038864138	0.0	4.0	2.799994945526123	285
7	0.11933793	0.12850818	0.3730505	-0.00072574464	3.6666667	18.40909	11.113707	36.0	0.0	0.17300203	0.12525448	0.3730505	-0.00072574464	0.12908287	0.012558525	0.15422913	0.089101695	800	-0.016065806	0.008811789	-0.0014882237	-0.00025225937	1.6065831	0.0005129957	0.0	4.0	3.165712594985962	274
8	0.19012722	0.1759034	0.4489021	-0.033901967	4.6666665	18.789474	8.48267	36.0	8.0	0.21124946	0.1710316	0.4489021	-0.033901967	0.13750108	0.016040068	0.1722853	0.10231223	900	-0.016066626	0.016158879	-0.0015224591	-0.00033720373	1.6066663	-0.00047551157	0.0	4.0	3.5214552879333496	282
9	0.22237855	0.152302	0.58938235	0.0	4.5625	17.68421	10.533419	36.0	0.0	0.20523417	0.15320563	0.58938235	0.0	0.14167075	0.018171439	0.1827113	0.09996103	1000	-0.016066864	0.01298425	-0.0011639334	-0.00021518138	1.6066813	4.9438477e-05	0.0	4.0	3.8662970066070557	291
10	0.30882666	0.1923017	0.6317797	3.330669e-16	4.733333	15.105263	11.238537	37.0	1.0	0.34170073	0.19845948	0.6317797	3.330669e-16	0.14346291	0.014626507	0.18331316	0.11207393	1100	-0.016067393	0.039387662	-0.0012012795	-0.000876504	1.6067469	0.0002550125	0.0	4.0	4.220647096633911	283
11	0.3607566	0.19932352	0.62928635	3.330669e-16	5.0	18.61111	11.781054	36.0	0.0	0.3667391	0.17936464	0.62928635	3.330669e-16	0.15032503	0.014978403	0.19171868	0.1188732	1200	-0.016066775	0.039519474	-0.001001507	-0.0012132875	1.606679	-0.00011717796	0.0	4.0	4.5657737255096436	291
12	0.25806254	0.22623518	0.70624316	0.0	3.5555556	19.045454	9.706967	37.0	0.0	0.3081125	0.20995742	0.70624316	0.0	0.15678605	0.0134121785	0.19744019	0.12990564	1300	-0.01606746	0.03329914	-0.0008048946	-0.00090350653	1.6067442	-0.00025438308	0.0	4.0	4.920745372772217	283
13	0.35279027	0.22418128	0.75721514	0.0	8.0	16.833334	12.109455	34.0	0.0	0.32493144	0.23915036	0.75721514	0.0	0.16837746	0.018813914	0.23067333	0.13516901	1400	-0.016066074	0.04159847	-0.0011138059	-0.0009772646	1.6066132	-0.00029535295	0.0	4.0	5.210725784301758	347
14	0.2823117	0.1689694	0.49009964	0.0	4.647059	17.263159	9.025356	33.0	3.0	0.27611455	0.17154574	0.49009964	0.0	0.17332272	0.020622019	0.23081121	0.13070627	1500	-0.01606498	0.019771347	-0.0009866133	-0.0005199667	1.6065006	-1.3380042e-05	0.0	4.0	5.580620288848877	271
15	0.33914477	0.18828885	0.7098117	3.330669e-16	3.4736843	21.173914	10.162386	36.0	5.0	0.3454852	0.17711817	0.7098117	3.330669e-16	0.17731304	0.018783305	0.23273768	0.14291643	1600	-0.016065888	0.029841587	-0.0008777343	-0.0008483536	1.6065903	-0.00035696983	0.0	4.0	5.965089321136475	261
16	0.37156844	0.25171813	0.7399648	3.330669e-16	4.470588	19.2	11.272089	37.0	2.0	0.4363916	0.21486455	0.7399648	3.330669e-16	0.18607533	0.021500418	0.24338596	0.14969933	1700	-0.016064618	0.053142056	-0.00089144334	-0.0015855115	1.6064683	-9.245872e-05	0.0	4.0	6.549625635147095	171
17	0.33622023	0.17141593	0.67485666	3.330669e-16	4.6	20.0	10.170764	37.0	1.0	0.35626107	0.1480277	0.67485666	3.330669e-16	0.19201879	0.021236341	0.25223607	0.15713897	1800	-0.016064316	0.024635362	-0.0011791144	-0.0010895897	1.6064287	-5.782128e-05	0.0	4.0	7.124449253082275	175
18	0.29194266	0.16907066	0.630731	0.0	5.3076925	19.375	9.225474	37.0	4.0	0.28827503	0.17861694	0.630731	0.0	0.20290966	0.021698067	0.25420916	0.1732382	1900	-0.016063511	0.019805025	-0.00088088587	-0.00048687425	1.6063523	0.0001792574	0.0	4.0	7.627681016921997	200
19	0.17315418	0.19026524	0.6762982	0.0	3.0	17.913044	11.282588	36.0	0.0	0.18857418	0.17021218	0.6762982	0.0	0.2014361	0.02147464	0.2474333	0.15955774	2000	-0.016062528	0.014030457	-0.0010872134	5.5303914e-05	1.6062533	-0.00013158322	0.0	4.0	8.208266973495483	173
20	0.3428906	0.10019962	0.63507366	0.1980092	4.8125	18.0	10.901472	35.0	0.0	0.34438112	0.102309495	0.63507366	0.19751269	0.21761562	0.02638128	0.28254583	0.17669865	2100	-0.016061299	0.0137299495	-0.0013064817	-0.00043428026	1.606131	-0.00012652398	0.0	4.0	8.738729000091553	189
21	0.28643322	0.17654331	0.6027232	0.0	4.5333333	11.166667	11.591424	36.0	0.0	0.3017254	0.19021533	0.6027232	0.0	0.22186418	0.030268656	0.29096693	0.16688739	2200	-0.016060144	0.02215354	-0.0010748208	-0.00028270134	1.6060159	-0.00020248414	0.0	4.0	9.251018524169922	196
22	0.20037465	0.18043388	0.57749784	0.0	4.6875	19.3	9.203804	35.0	1.0	0.22341792	0.16772488	0.57749784	0.0	0.21964237	0.02580983	0.28098208	0.18563507	2300	-0.016057923	0.014314288	-0.0015666746	-2.5938498e-06	1.6057936	-0.00027430055	0.0	4.0	9.594767093658447	292
23	0.30834576	0.18511483	0.6816342	3.330669e-16	3.7777777	19.666666	11.415668	37.0	0.0	0.34826416	0.17184956	0.6816342	3.330669e-16	0.22209325	0.026753427	0.2821768	0.18418117	2400	-0.01605907	0.021293052	-0.00091237575	-0.0003837644	1.6059049	-0.00021063328	0.0	4.0	9.967022895812988	269
24	0.32448512	0.19168162	0.70464504	3.330669e-16	4.117647	15.157895	9.642359	35.0	0.0	0.37696964	0.16583614	0.70464504	3.330669e-16	0.23366004	0.030484684	0.30086535	0.18983546	2500	-0.016058363	0.023719251	-0.0012281314	-0.0006191368	1.6058397	-0.00023839949	0.0	4.0	10.338674068450928	270
25	0.24651815	0.2363515	0.64465445	-0.0026269923	3.6875	20.25	10.76046	37.0	1.0	0.27323264	0.22259411	0.64465445	-0.0026269923	0.23099811	0.029357284	0.2891177	0.19268404	2600	-0.01605872	0.02556685	-0.00087636337	-0.00015473587	1.6058755	-2.6402471e-05	0.0	4.0	10.76294994354248	236
26	0.2745887	0.1371822	0.5346239	3.330669e-16	4.0625	19.368422	9.4935465	36.0	2.0	0.28969374	0.12350911	0.5346239	3.330669e-16	0.24022627	0.03269506	0.30437744	0.18855636	2700	-0.016056865	0.009230837	-0.001560159	-0.00014887936	1.6056849	8.2340266e-05	0.0	4.0	11.156511783599854	255
27	0.3331112	0.16789679	0.5805895	3.330669e-16	4.6	16.578947	9.49413	34.0	0.0	0.34343648	0.13472192	0.5805895	3.330669e-16	0.23779297	0.028500041	0.29702485	0.18721151	2800	-0.016055882	0.014825335	-0.0013549253	-0.00036119233	1.6055882	-0.00023525237	0.0	4.0	11.570443153381348	242
28	0.2640137	0.20431167	0.6452167	-0.018267173	4.6875	17.7	8.4386015	37.0	3.0	0.26818588	0.20289324	0.6452167	-0.018267173	0.24318898	0.03226739	0.31941694	0.19068842	2900	-0.016054977	0.02125548	-0.00092865364	-5.7714526e-05	1.6054975	-5.855084e-05	0.0	4.0	12.04113221168518	213
29	0.31552052	0.17405272	0.6594585	2.220446e-16	3.8125	19.263159	11.724209	36.0	1.0	0.34667134	0.14958541	0.6594585	2.220446e-16	0.25296474	0.033955183	0.31586695	0.20286465	3000	-0.01605501	0.014737254	-0.00080224406	-0.00028706936	1.6055009	-7.164955e-05	0.0	4.0	12.494089126586914	223
30	0.2804575	0.20620996	0.67884713	3.330669e-16	3.0	21.217392	11.765671	36.0	0.0	0.33497316	0.18114132	0.67884713	3.330669e-16	0.25234574	0.03504032	0.33531561	0.20516518	3100	-0.016054511	0.018311419	-0.0012342874	-0.00030875183	1.6054542	-5.9609418e-05	0.0	4.0	12.906822443008423	243
31	0.40461278	0.1999314	0.6758818	3.330669e-16	3.6111112	17.0	11.281522	37.0	0.0	0.40600938	0.16760999	0.6758818	3.330669e-16	0.2540148	0.03568126	0.34347874	0.20780662	3200	-0.016054854	0.026092816	-0.001055019	-0.0006359173	1.6054895	-0.00011048317	0.0	4.0	13.275461673736572	272
32	0.3284811	0.20364156	0.6466487	3.330669e-16	3.45	19.227272	11.9123	36.0	0.0	0.36513337	0.1809596	0.6466487	3.330669e-16	0.26182103	0.039569117	0.35348982	0.21117762	3300	-0.016051248	0.020732265	-0.001300687	-0.0005021553	1.6051251	0.00018062591	0.0	4.0	13.655633449554443	264
33	0.3056887	0.13590065	0.5372705	3.330669e-16	5.0	20.736841	11.350131	36.0	3.0	0.34207296	0.1011374	0.5372705	3.330669e-16	0.27489412	0.04139542	0.36483285	0.2148992	3400	-0.016051814	0.006872236	-0.0013060793	-0.00031308597	1.6051764	-0.00028988838	0.0	4.0	13.998147249221802	293
34	0.23806608	0.18916005	0.5923513	2.220446e-16	3.5	22.625	10.526999	37.0	1.0	0.3078999	0.17742454	0.5923513	2.220446e-16	0.27389464	0.04215707	0.3523781	0.21830979	3500	-0.01604902	0.01485925	-0.0019789282	-0.00015645241	1.6049043	0.00032524584	0.0	4.0	14.398489236831665	251
35	0.2474878	0.16601342	0.5035017	3.330669e-16	4.9333334	18.210526	9.891937	36.0	5.0	0.27503076	0.1397695	0.5035017	3.330669e-16	0.28934205	0.04428484	0.37698418	0.2210649	3600	-0.016047526	0.010094725	-0.0016636625	6.512983e-05	1.6047454	0.00023582936	0.0	4.0	14.752288341522217	284
36	0.28594917	0.21304007	0.6274945	3.330669e-16	3.2608695	18.28	11.5083275	37.0	2.0	0.34594736	0.19468802	0.6274945	3.330669e-16	0.27485347	0.039835043	0.35685182	0.22274467	3700	-0.016048346	0.01978092	-0.0015998073	-0.0001768854	1.6048344	0.00038700583	0.0	4.0	15.148964166641235	253
37	0.3315084	0.2182372	0.6450474	3.330669e-16	3.8235295	18.142857	8.084587	35.0	7.0	0.38447905	0.17230703	0.6450474	3.330669e-16	0.28777897	0.044690754	0.3988368	0.22307429	3800	-0.016043872	0.019155879	-0.001295995	-0.0003188178	1.6043848	-7.553579e-05	0.0	4.0	15.502861976623535	284
38	0.37722957	0.1997043	0.638765	3.330669e-16	3.3333333	15.631579	9.964202	36.0	0.0	0.38400385	0.16080815	0.638765	3.330669e-16	0.29221317	0.04409728	0.37036923	0.22672394	3900	-0.01604139	0.017112264	-0.0011133701	-0.00034271833	1.6041352	-0.0001029682	0.0	4.0	15.843507289886475	295
39	0.3461545	0.1845175	0.6422428	3.330669e-16	4.875	20.157894	10.747157	35.0	5.0	0.36221445	0.16563906	0.6422428	3.330669e-16	0.30411386	0.047441125	0.3789612	0.22959381	4000	-0.016037777	0.015242053	-0.0016466808	-0.00021567522	1.6037705	0.00010256293	0.0	4.0	16.20447063446045	278
40	0.37829298	0.20477375	0.7143995	3.330669e-16	4.0625	15.25	9.443913	36.0	0.0	0.3969816	0.17197368	0.7143995	3.330669e-16	0.30115092	0.044542443	0.38777864	0.2324552	4100	-0.016037937	0.019220907	-0.0014667772	-0.00040385482	1.6037953	1.9350053e-05	0.0	4.0	16.548256635665894	292
41	0.29627854	0.19581422	0.62327117	3.330669e-16	3.7	19.318182	12.462256	37.0	0.0	0.31820023	0.15919389	0.62327117	3.330669e-16	0.3035608	0.04777807	0.39220434	0.23553959	4200	-0.016036406	0.012500179	-0.0017299429	-1.697673e-05	1.6036448	-0.00012219907	0.0	4.0	16.902595043182373	283
42	0.2757749	0.26324224	0.6465619	0.0	5.214286	22.294117	9.385626	37.0	1.0	0.30832317	0.24522309	0.6465619	0.0	0.3190799	0.050949767	0.41754565	0.23808768	4300	-0.016027533	0.029960588	-0.0015957803	3.95244e-05	1.6027449	-0.00016686441	0.0	4.0	17.275001525878906	269
43	0.2217476	0.20859873	0.6943275	-0.02431744	4.5882354	16.0	10.2392435	31.0	0.0	0.2880478	0.23638685	0.6943275	-0.02431744	0.31905586	0.04968445	0.40014917	0.23955685	4400	-0.01602402	0.027577857	-0.0019911304	1.4108606e-05	1.6024058	0.00036905764	0.0	4.0	17.641420602798462	274
44	0.40896228	0.15051828	0.62353903	3.330669e-16	5.285714	19.235294	8.974011	36.0	1.0	0.43144837	0.122444	0.62353903	3.330669e-16	0.3253798	0.050976314	0.41918194	0.24003038	4500	-0.01602396	0.012122135	-0.0011760257	-0.00020457013	1.6023957	-0.00017950535	0.0	4.0	18.003600597381592	277
45	0.33882838	0.18473548	0.7125486	3.330669e-16	3.35	21.47826	11.370708	36.0	0.0	0.39407516	0.17244239	0.7125486	3.330669e-16	0.3160885	0.05122021	0.4109875	0.24135822	4600	-0.016022865	0.017369535	-0.0013077036	-0.0002695204	1.6022872	0.00035027502	0.0	4.0	18.40650224685669	249
46	0.33704898	0.25259256	0.778138	0.0	5.266667	16.222221	8.935296	33.0	3.0	0.38107786	0.24945314	0.778138	0.0	0.33899745	0.058006037	0.4356336	0.24373028	4700	-0.016014978	0.03299659	-0.0009640567	-0.00012383168	1.6015002	-0.00026690005	0.0	4.0	18.781479835510254	268
47	0.35079175	0.20557393	0.6547562	3.330669e-16	3.8888888	21.095238	9.738997	35.0	3.0	0.39922392	0.1696772	0.6547562	3.330669e-16	0.3227231	0.050617475	0.4292383	0.24607496	4800	-0.016017951	0.017661415	-0.0011176998	-0.0002510785	1.6017951	-0.00010226249	0.0	4.0	19.185531854629517	249
48	0.35714883	0.1705576	0.6034768	3.330669e-16	4.571429	16.352942	10.55485	36.0	1.0	0.40381104	0.12532376	0.6034768	3.330669e-16	0.33767205	0.054847952	0.42702344	0.24859247	4900	-0.016005531	0.009492302	-0.0012648692	-0.00026284973	1.6005518	-1.5940663e-05	0.0	4.0	19.51657795906067	303
49	0.34142748	0.22377801	0.7797248	0.0	6.071429	21.266666	10.135526	37.0	6.0	0.35898986	0.2397071	0.7797248	0.0	0.36036614	0.058615375	0.45406634	0.2513925	5000	-0.015998699	0.030790638	-0.0015197396	5.2676536e-05	1.5998667	-0.0002833986	0.0	4.0	19.870372772216797	284
50	0.38286743	0.25299662	0.7579627	2.220446e-16	6.3636365	18.6	11.876027	36.0	0.0	0.48121044	0.18358521	0.7579627	2.220446e-16	0.3576472	0.05917176	0.45220008	0.2534161	5100	-0.016002662	0.022705793	-0.0013358295	-0.00058478443	1.6002686	-0.0009531498	0.0	4.0	20.192206144332886	312
51	0.2870319	0.15818466	0.6606882	3.330669e-16	3.1666667	18.90909	11.723749	37.0	0.0	0.34589702	0.14351383	0.6606882	3.330669e-16	0.34402442	0.061302453	0.47093418	0.25614536	5200	-0.015999861	0.009962158	-0.0019540992	3.7939113e-05	1.5999876	0.0003718519	0.0	4.0	20.540573596954346	288
52	0.36740902	0.11875985	0.63539076	0.21166985	5.818182	17.866667	11.080714	35.0	0.0	0.38394013	0.09757146	0.63539076	0.21166985	0.3690814	0.060735855	0.45852667	0.2586336	5300	-0.015979066	0.0066472855	-0.0014181808	1.1440192e-05	1.5979066	0.00049465656	0.0	4.0	20.89130449295044	286
53	0.31865412	0.2827801	0.8466853	0.0	7.2	18.428572	9.962173	36.0	1.0	0.39062148	0.26083982	0.8466853	0.0	0.38269877	0.068012945	0.50085044	0.26019457	5400	-0.015978392	0.03229682	-0.0013495572	-1.1340715e-05	1.5978401	-0.0008632279	0.0	4.0	21.181381702423096	346
54	0.33234942	0.16023237	0.5937795	3.330669e-16	3.4736843	19.652174	10.382296	37.0	1.0	0.3876876	0.12627463	0.5937795	3.330669e-16	0.35084984	0.063688084	0.48793972	0.26127666	5500	-0.015980743	0.008561056	-0.0013159737	-5.1445793e-05	1.5980744	0.00052677153	0.0	4.0	21.535618543624878	284
55	0.31033298	0.19686508	0.62878233	3.330669e-16	3.4285715	21.083334	10.160859	37.0	4.0	0.3644755	0.18259951	0.62878233	3.330669e-16	0.35094708	0.06530383	0.4921878	0.26242787	5600	-0.015982833	0.016056973	-0.0017545354	-1.6583595e-05	1.5982867	0.0006985569	0.0	4.0	21.93151307106018	254
56	0.31131732	0.19393136	0.6880993	0.0	6.75	14.125	7.8252397	29.0	1.0	0.25872278	0.19899152	0.6880993	0.0	0.37879875	0.068394884	0.49013886	0.26352158	5700	-0.015965305	0.03463892	-0.0007064976	-0.0005153165	1.5965303	-4.5962326e-05	0.0	4.0	22.273627281188965	295
57	0.32983667	0.09594157	0.55321646	0.17840937	4.714286	19.5	12.084195	36.0	0.0	0.35335967	0.09533042	0.55321646	0.17840937	0.3711556	0.06985415	0.50597167	0.2622009	5800	-0.015968367	0.0070476155	-0.001072692	-0.00020514766	1.5968372	-1.17158925e-05	0.0	4.0	22.614875316619873	294
58	0.28798488	0.19319497	0.6631574	3.330669e-16	3.6666667	18.0	10.099504	34.0	0.0	0.3528518	0.17030832	0.6631574	3.330669e-16	0.34790778	0.060485505	0.46466294	0.25996983	5900	-0.015974134	0.013212636	-0.0015863217	2.5865156e-06	1.5974147	0.00033478736	0.0	4.0	23.002838850021362	259
59	0.2494606	0.16514651	0.55270493	0.0	4.2222223	20.818182	9.874836	37.0	4.0	0.26583993	0.1638399	0.55270493	0.0	0.356687	0.06491859	0.46727878	0.2585851	6000	-0.01596529	0.019752229	-0.001386784	-0.00038674322	1.5965307	0.0003100252	0.0	4.0	23.39327359199524	257
60	0.24200505	0.20125788	0.62544185	0.0	4.0	18.578947	11.6135845	37.0	3.0	0.29329985	0.18309474	0.62544185	0.0	0.35107794	0.061487	0.46993986	0.2565616	6100	-0.015963573	0.019380566	-0.0010346416	-0.00033774157	1.5963562	9.983542e-05	0.0	4.0	23.760545253753662	274
61	0.37747732	0.20317882	0.6513046	0.0	6.4	15.785714	13.358671	37.0	0.0	0.3478903	0.20187731	0.6513046	0.0	0.3574287	0.054601565	0.4413779	0.25386927	6200	-0.015947342	0.022911645	-0.0014965236	-0.0001476293	1.5947366	0.00027841568	0.0	4.0	24.178849935531616	240
62	0.3119326	0.24972136	0.64485997	3.330669e-16	4.2	14.526316	12.240435	34.0	0.0	0.41613388	0.19543582	0.64485997	3.330669e-16	0.33760986	0.054925647	0.44151974	0.2516111	6300	-0.015954204	0.020360438	-0.0018315483	6.788783e-05	1.5954257	-0.00037944794	0.0	4.0	24.558424949645996	265
63	0.25332332	0.19711283	0.5811156	0.0	4.8125	20.31579	8.832074	37.0	1.0	0.25430423	0.20774347	0.5811156	0.0	0.337827	0.057089813	0.44106588	0.25127172	6400	-0.015950032	0.028882798	-0.0021960288	-0.00016489229	1.5950018	0.00034759997	0.0	4.0	24.913559436798096	283
64	0.32341623	0.19741346	0.65704256	3.330669e-16	5.357143	15.1875	12.212794	37.0	0.0	0.36264104	0.15767032	0.65704256	3.330669e-16	0.34682986	0.058293197	0.46425408	0.25045744	6500	-0.015922718	0.012137663	-0.0017345329	1.1303055e-05	1.5922731	0.00034999847	0.0	4.0	25.251767873764038	297
65	0.32490858	0.19860978	0.5270143	0.0	6.7777777	14.153846	8.71644	37.0	3.0	0.34949613	0.17237887	0.5270143	0.0	0.3513854	0.05308174	0.43084416	0.24952036	6600	-0.015920326	0.01689513	-0.0023524985	-2.7719303e-05	1.5920309	0.0005487538	0.0	4.0	25.542486429214478	346
66	0.30412236	0.21568026	0.6646485	3.330669e-16	4.266667	19.789474	10.560995	37.0	4.0	0.35590553	0.1628943	0.6646485	3.330669e-16	0.33243233	0.053138155	0.4287978	0.24900812	6700	-0.015922837	0.013435168	-0.0018845918	-5.408074e-06	1.5922892	0.0008213043	0.0	4.0	25.863794326782227	313
67	0.1942223	0.20255084	0.6291624	0.0	4.0555553	20.318182	11.589127	37.0	0.0	0.27015722	0.21586408	0.6291624	0.0	0.33011177	0.057183977	0.4368048	0.24899629	6800	-0.015924573	0.024308106	-0.0010127462	-5.917868e-05	1.5924566	0.0012219572	0.0	4.0	26.232016801834106	273
68	0.38974833	0.19093509	0.62893873	0.016601386	5.75	17.3125	9.783397	32.0	0.0	0.44971263	0.14074408	0.62893873	0.016601386	0.34584916	0.058439128	0.4352757	0.24833027	6900	-0.015908971	0.013937769	-0.0014028773	-7.817615e-05	1.5908988	-0.00019338132	0.0	4.0	26.587675094604492	282
69	0.2876194	0.22540379	0.6996941	3.330669e-16	3.65	14.956522	11.697187	37.0	0.0	0.36007127	0.19312117	0.6996941	3.330669e-16	0.32486752	0.055567645	0.47802716	0.24897864	7000	-0.015932664	0.017969772	-0.0018766988	-9.852508e-05	1.593265	0.00061709876	0.0	4.0	27.042442798614502	220
70	0.29296264	0.15374036	0.61499286	0.0	5.0666666	17.473684	13.144414	37.0	0.0	0.28958872	0.15770859	0.61499286	0.0	0.3405631	0.057359215	0.4476716	0.2507311	7100	-0.01589784	0.015692595	-0.0015226007	8.144372e-05	1.5897851	0.00042261602	0.0	4.0	27.39611053466797	284
71	0.25000757	0.21299687	0.6792203	3.330669e-16	3.5555556	19.142857	11.003401	37.0	0.0	0.3344291	0.1582222	0.6792203	3.330669e-16	0.33846116	0.058809195	0.44005013	0.25119764	7200	-0.015909683	0.010621848	-0.0025548749	-6.8251975e-06	1.5909691	0.0004832268	0.0	4.0	27.754822492599487	280
72	0.27666613	0.19153255	0.63718224	0.0	6.076923	17.882353	12.101932	36.0	0.0	0.3164821	0.19010551	0.63718224	0.0	0.3479891	0.057826553	0.44287634	0.25098908	7300	-0.015891597	0.019830361	-0.0014062766	-3.8116472e-05	1.5891594	-0.00038245198	0.0	4.0	28.133222579956055	265
73	0.3325429	0.22969498	0.6661276	3.330669e-16	3.8421052	18.181818	9.627784	35.0	2.0	0.4026276	0.21786673	0.6661276	3.330669e-16	0.33023074	0.055732448	0.44917527	0.2503368	7400	-0.015895605	0.023647908	-0.0027830424	-6.951112e-05	1.589563	0.00029015064	0.0	4.0	28.566467761993408	232
74	0.4107276	0.20117049	0.77739364	0.023025954	4.2222223	21.380953	11.989981	36.0	0.0	0.45481557	0.1722016	0.77739364	0.023025954	0.33846802	0.05956078	0.4557555	0.25079617	7500	-0.015888747	0.02109676	-0.00189339	-0.0004334778	1.5888727	0.0001040888	0.0	4.0	28.96432375907898	253
75	0.21901815	0.17515248	0.50192815	0.0	6.3333335	19.933332	12.2825985	37.0	0.0	0.2333371	0.1920585	0.50192815	0.0	0.35923687	0.060270265	0.4599568	0.25333685	7600	-0.015815496	0.029459193	-0.0020285621	0.000115672476	1.5815545	0.00064633845	0.0	4.0	29.27065420150757	328
76	0.31804082	0.18452325	0.5433279	0.0	5.7272725	21.666666	7.560129	33.0	10.0	0.31883666	0.16500978	0.5433279	0.0	0.35462224	0.056588165	0.444749	0.25365368	7700	-0.015814088	0.016860591	-0.00091068447	-0.00022980932	1.5814075	0.00023613454	0.0	4.0	29.593876123428345	311
77	0.21758215	0.17358054	0.46872455	0.0	5.6923075	17.466667	11.359969	36.0	2.0	0.2926093	0.167937	0.46872455	0.0	0.3516848	0.056666147	0.4566258	0.2519971	7800	-0.015815042	0.016004452	-0.0008711256	-0.00029550062	1.581498	0.00012339113	0.0	4.0	29.943955183029175	287
78	0.29823065	0.22003424	0.6748695	0.0	4.4117646	17.142857	8.7575035	32.0	3.0	0.31863087	0.20619747	0.6748695	0.0	0.32771492	0.05107551	0.4047487	0.2497581	7900	-0.015849784	0.022393428	-0.0009935275	-9.436114e-05	1.584974	0.00026807786	0.0	4.0	30.356165885925293	243
79	0.27010384	0.22075903	0.6436578	0.0	4.625	17.210526	11.422871	36.0	0.0	0.25368327	0.22794762	0.6436578	0.0	0.33490717	0.05645789	0.44575244	0.24779467	8000	-0.015835464	0.031766396	-0.0020160563	-0.0004284531	1.5835474	-0.00010904789	0.0	4.0	30.701584815979004	291
80	0.42393616	0.12261594	0.65142035	0.19016609	5.8461537	19.882353	10.703943	37.0	4.0	0.4203623	0.11826844	0.65142035	0.19016609	0.3352682	0.05236541	0.41485316	0.2453232	8100	-0.0157938	0.012233714	-0.0018438995	0.00012189429	1.5793892	0.0006824159	0.0	4.0	31.061911582946777	278
81	0.31819567	0.17351508	0.6126728	0.0	5.5	19.533333	11.29523	36.0	2.0	0.32892403	0.1690963	0.6126728	0.0	0.3391317	0.054082893	0.43471956	0.24442205	8200	-0.015801787	0.016601637	-0.00073903054	-3.0835567e-05	1.5801821	-0.0006285047	0.0	4.0	31.423206567764282	279
82	0.26508012	0.17447674	0.48577702	3.330669e-16	5.071429	21.166666	11.056672	37.0	2.0	0.33107993	0.11949869	0.48577702	3.330669e-16	0.32787278	0.053375628	0.41971833	0.24426201	8300	-0.015783433	0.0064314287	-0.0011080825	-2.373592e-06	1.5783432	0.00040081976	0.0	4.0	31.816410779953003	256
83	0.38931802	0.19878763	0.691664	0.02544637	5.1538463	14.705882	11.96448	34.0	0.0	0.40261573	0.1618215	0.691664	0.02544637	0.32765043	0.053123433	0.44493237	0.24403927	8400	-0.015787065	0.017947834	-0.0016379654	-7.328787e-05	1.5786994	-0.00014454362	0.0	4.0	32.24139332771301	238
84	0.27094913	0.20593087	0.6308019	0.0	4.9375	19.555555	13.442148	37.0	1.0	0.30406737	0.20007646	0.6308019	0.0	0.32884824	0.05199125	0.42729312	0.24496762	8500	-0.015803806	0.020380987	-0.0022643134	4.2326516e-05	1.5803826	-5.31626e-05	0.0	4.0	32.67116093635559	234
85	0.28800437	0.2121053	0.6496531	0.0	3.6470587	13.380953	9.81969	31.0	1.0	0.3158671	0.20448083	0.6496531	0.0	0.31817028	0.04909314	0.41592097	0.24574494	8600	-0.015775345	0.022870349	-0.0018613469	2.3751054e-06	1.5775386	0.00089902396	0.0	4.0	33.039408445358276	273
86	0.3058054	0.25762638	0.7318237	3.330669e-16	3.2666667	15.842105	11.970416	35.0	2.0	0.36723003	0.19844756	0.7318237	3.330669e-16	0.33043715	0.053356487	0.4193129	0.24589625	8700	-0.015735865	0.019688645	-0.0023754854	-3.9119623e-05	1.5735861	0.00019016265	0.0	4.0	33.378337383270264	296
87	0.33600858	0.15755646	0.5455819	0.0	8.875	22.833334	11.581834	37.0	1.0	0.31371295	0.15524234	0.5455819	0.0	0.34963363	0.04860471	0.4315838	0.24654385	8800	-0.015688062	0.014263273	-0.0024427213	6.9883885e-05	1.568798	-3.8542756e-05	0.0	4.0	33.785691022872925	246
88	0.27770397	0.1809782	0.48934397	0.0	4.733333	17.0	10.068189	37.0	0.0	0.291375	0.17367253	0.48934397	0.0	0.32729262	0.050510004	0.42275152	0.2466386	8900	-0.015725091	0.016650153	-0.0015225615	-6.434263e-05	1.5725131	0.0003978729	0.0	4.0	34.210267066955566	238
89	0.34422836	0.22130111	0.702155	3.330669e-16	3.5	19.869566	11.50918	37.0	1.0	0.40617126	0.19507037	0.702155	3.330669e-16	0.32330045	0.05421326	0.42568633	0.24567793	9000	-0.01572837	0.02153226	-0.0016958322	-2.2095628e-05	1.572837	-0.00054547307	0.0	4.0	34.6093373298645	252
90	0.32288936	0.16371062	0.5627048	0.0	5.9166665	14.733334	11.0058565	36.0	1.0	0.31015044	0.15909055	0.5627048	0.0	0.33739814	0.05423335	0.43739384	0.2460495	9100	-0.015666202	0.015103629	-0.0009103082	2.3309025e-05	1.5666189	-0.00022318364	0.0	4.0	34.96095609664917	286
91	0.36249393	0.15729317	0.5125268	0.0	7.625	20.75	11.143945	37.0	2.0	0.3602022	0.16270469	0.5125268	0.0	0.3544889	0.053166233	0.438675	0.24642809	9200	-0.015600339	0.0148764765	-0.0010748431	-2.8101203e-05	1.5600312	-0.00030264375	0.0	4.0	35.290478467941284	305
92	0.3120009	0.19310115	0.6139182	0.0	4.2222223	19.0	11.862853	37.0	1.0	0.32908905	0.20672286	0.6139182	0.0	0.33091223	0.058050297	0.42410287	0.24628812	9300	-0.015667513	0.023226254	-0.0015919134	-6.50757e-05	1.5667545	0.00028687477	0.0	4.0	35.70336151123047	243
93	0.35524917	0.13090894	0.6108713	0.0025206439	5.8333335	21.133333	10.977958	37.0	3.0	0.37729242	0.094737016	0.6108713	0.0025206439	0.33925498	0.05380207	0.4204036	0.24599072	9400	-0.01564315	0.00613482	-0.0007261145	2.732093e-06	1.5643172	-0.00037072657	0.0	4.0	36.09949707984924	254
94	0.30721158	0.22776617	0.8163046	0.0	3.6	18.916666	8.878423	34.0	1.0	0.3516804	0.23811151	0.8163046	0.0	0.32194236	0.05679478	0.42284846	0.24625427	9500	-0.015683793	0.02975721	-0.0013721269	-5.6221383e-05	1.5683776	0.00032308578	0.0	4.0	36.5812132358551	209
95	0.33627483	0.19126095	0.61058795	0.0	5.642857	23.125	9.198336	37.0	8.0	0.34264073	0.18499605	0.61058795	0.0	0.33577302	0.051440414	0.43949223	0.24709035	9600	-0.015640393	0.01941653	-0.0019080415	-8.096197e-05	1.5640361	-0.00014808658	0.0	4.0	37.01449203491211	232
96	0.22864848	0.17316118	0.5105368	0.0	5.4545455	16.785715	7.6735034	31.0	3.0	0.27905792	0.16382046	0.5105368	0.0	0.33666694	0.04833657	0.42645493	0.24769561	9700	-0.015589416	0.015604408	-0.00090679806	-0.00019467587	1.5589476	0.0003490639	0.0	4.0	37.359989404678345	291
97	0.38038698	0.24340491	0.76103246	3.330669e-16	4.266667	15.263158	6.6715584	36.0	5.0	0.42118704	0.22362484	0.76103246	3.330669e-16	0.32329696	0.048086375	0.40383318	0.247015	9800	-0.01567068	0.028866136	-0.0009440854	2.590008e-05	1.5670705	-0.000115227704	0.0	4.0	37.72773051261902	273
98	0.27434367	0.15458988	0.63023466	3.330669e-16	4.5	19.35	9.655439	35.0	4.0	0.31703168	0.11821868	0.63023466	3.330669e-16	0.3237301	0.04986666	0.42063108	0.24764574	9900	-0.015636887	0.007596223	-0.0013642516	6.5862405e-06	1.5636868	0.0002963352	0.0	4.0	38.13620710372925	246
99	0.37985483	0.17372078	0.60815305	0.02619072	4.8	21.5	10.965857	37.0	0.0	0.4188175	0.14926241	0.60815305	0.02619072	0.3246069	0.04857508	0.42847455	0.24874613	10000	-0.015660739	0.014807837	-0.0013707764	-0.00020641531	1.5660763	0.00022900582	0.0	4.0	38.49621915817261	281
100	0.28529325	0.18846993	0.67915475	3.330669e-16	4.9333334	19.444445	10.084213	34.0	1.0	0.37687185	0.16152945	0.67915475	3.330669e-16	0.3366199	0.050549358	0.41627026	0.2508162	10100	-0.015620396	0.011821496	-0.0016138414	-0.00016549975	1.5620358	4.346372e-05	0.0	4.0	38.92953324317932	231
101	0.3319921	0.16079174	0.6263195	0.0	4.352941	18.142857	11.306491	36.0	0.0	0.27582178	0.20474066	0.6263195	0.0	0.32792717	0.049555387	0.41771066	0.25361013	10200	-0.015654579	0.026643436	-0.0014244616	0.00012074225	1.5654595	0.00030611514	0.0	4.0	39.40466380119324	211
102	0.20998786	0.15188356	0.39326757	0.0	6.1666665	15.4	10.713232	33.0	1.0	0.27148098	0.14311321	0.39326757	0.0	0.3447381	0.049651135	0.43134508	0.25462654	10300	-0.015537381	0.013590009	-0.0013797358	-0.00020664246	1.5537367	0.00066191197	0.0	4.0	39.87281656265259	215
103	0.3007099	0.16339694	0.5901146	0.0	6.0	16.933332	11.281055	34.0	0.0	0.29568475	0.14694561	0.5901146	0.0	0.33862695	0.045290824	0.42062733	0.25330293	10400	-0.01556167	0.013210797	-0.0011552945	-0.00025995163	1.5561676	-0.00019842145	0.0	4.0	40.267489194869995	254
104	0.3395111	0.23514782	0.6730978	0.0	5.923077	22.0	11.822212	37.0	0.0	0.36096442	0.24257717	0.6730978	0.0	0.3234471	0.04515592	0.41090742	0.25098485	10500	-0.015581854	0.030277293	-0.0011438094	6.281317e-05	1.5581884	0.0004159594	0.0	4.0	40.69292163848877	236
105	0.40204966	0.17260559	0.6637796	0.17629708	6.0	21.375	10.294871	37.0	3.0	0.45167932	0.16107051	0.6637796	0.17629708	0.3353598	0.050884586	0.419319	0.24976237	10600	-0.015556842	0.017763412	-0.002190126	-0.00029931625	1.5556815	-0.00026140214	0.0	4.0	41.07278370857239	264
106	0.29974928	0.16716152	0.5303336	0.0	5.25	19.5625	11.800259	36.0	4.0	0.31660593	0.1685228	0.5303336	0.0	0.33536744	0.051764205	0.43218538	0.25141296	10700	-0.015509933	0.015794616	-0.0020556902	0.00014039164	1.550997	0.00072741986	0.0	4.0	41.42286729812622	287
107	0.29800266	0.19029017	0.6053094	0.0	6.6666665	21.5	8.13063	35.0	3.0	0.2898874	0.22144836	0.6053094	0.0	0.3422901	0.047267284	0.41460875	0.25315475	10800	-0.015478618	0.028332422	-0.002583377	5.4989592e-05	1.5478565	0.00076311117	0.0	4.0	41.801968812942505	265
108	0.33397567	0.18556148	0.5875834	0.0	5.9166665	15.133333	8.693804	35.0	1.0	0.3338064	0.17833517	0.5875834	0.0	0.34239304	0.050368138	0.4182914	0.25294918	10900	-0.015448943	0.018405844	-0.00088544935	-5.173683e-05	1.544891	-0.0006523084	0.0	4.0	42.237377643585205	232
109	0.4339422	0.18268499	0.6804814	0.0	6.818182	20.533333	11.999259	36.0	1.0	0.40110397	0.20183335	0.6804814	0.0	0.35160783	0.055595875	0.44487566	0.25196525	11000	-0.0154379755	0.024731137	-0.0019636592	-9.335519e-06	1.543798	0.0002408934	0.0	4.0	42.59829092025757	279
110	0.3155808	0.2234031	0.72177106	0.0	4.928571	15.588235	11.199048	33.0	1.0	0.33548936	0.20180966	0.72177106	0.0	0.32711774	0.04656748	0.40739274	0.2518902	11100	-0.01542303	0.021541255	-0.0011437237	-3.8445694e-05	1.5423058	0.00022078992	0.0	4.0	42.94951295852661	287
111	0.47230875	0.2542988	0.8074906	0.0	6.076923	20.294117	11.890504	37.0	0.0	0.4511489	0.27383536	0.8074906	0.0	0.33126542	0.04557518	0.39649725	0.252277	11200	-0.0155043155	0.04547776	-0.0018070042	-0.0002970812	1.5504307	-0.00024909974	0.0	4.0	43.36928033828735	239
112	0.43572044	0.2597293	0.8381416	-0.018320398	6.5	18.4	9.73516	37.0	4.0	0.5118214	0.22248065	0.8381416	-0.018320398	0.33823594	0.047504645	0.41344625	0.2545274	11300	-0.015439734	0.037700515	-0.0019351393	-0.0015308694	1.5439796	0.00042660238	0.0	4.0	43.73476219177246	275
113	0.34139752	0.25694215	0.7486545	0.0	4.7058825	16.263159	11.271026	34.0	1.0	0.40321112	0.2654433	0.7486545	0.0	0.33974007	0.051902816	0.44090515	0.25994384	11400	-0.015480429	0.036873076	-0.0013161451	-0.0005574268	1.5480479	0.00026754854	0.0	4.0	44.10491728782654	271
114	0.36495823	0.17624299	0.76444006	0.021410638	4.3846154	16.17647	9.599236	31.0	3.0	0.40254158	0.12526146	0.76444006	0.021410638	0.36014923	0.054959197	0.4411878	0.26582128	11500	-0.015474692	0.009247915	-0.0014984906	-0.00021681271	1.5474693	-0.0008433914	0.0	4.0	44.488152503967285	262
115	0.39511114	0.20063537	0.7306835	3.330669e-16	4.428571	20.777779	10.8349	37.0	0.0	0.46730998	0.15352768	0.7306835	3.330669e-16	0.37161157	0.06275918	0.47617662	0.27048403	11600	-0.015366577	0.015319839	-0.0017338712	-0.0007230028	1.5366607	0.0008504248	0.0	4.0	44.91644906997681	235
116	0.4264182	0.20543842	0.6526154	0.0	5.5384617	19.0	9.924717	37.0	1.0	0.41474366	0.21289095	0.6526154	0.0	0.38304156	0.062163547	0.4867295	0.275228	11700	-0.015351653	0.02506246	-0.0010378584	-4.318892e-05	1.5351648	0.00026933668	0.0	4.0	45.295554399490356	265
117	0.33813152	0.21440516	0.6918605	3.330669e-16	4.6666665	16.894737	9.840276	36.0	0.0	0.41099334	0.16672203	0.6918605	3.330669e-16	0.37883618	0.060218263	0.4769462	0.2793407	11800	-0.015328631	0.013508907	-0.0017705932	-0.00013416528	1.5328685	0.0013201713	0.0	4.0	45.678168535232544	264
118	0.34455216	0.2224991	0.8079134	0.0	7.0	21.333334	9.893882	37.0	2.0	0.39163923	0.22811803	0.8079134	0.0	0.40984017	0.063862845	0.51729625	0.28253236	11900	-0.015240163	0.027185213	-0.0013214005	0.00010196853	1.5240184	-0.00032672402	0.0	4.0	46.0626962184906	261
119	0.34809044	0.23671654	0.6219967	0.0	5.0	16.0	11.68867	34.0	1.0	0.3914246	0.216963	0.6219967	0.0	0.39948317	0.06471982	0.50406677	0.28423694	12000	-0.0152774155	0.0254387	-0.0015334338	3.6209356e-05	1.5277388	0.0003215885	0.0	4.0	46.465325593948364	250
120	0.34472194	0.24047463	0.65018564	0.0	5.7272725	15.466666	11.7635975	35.0	0.0	0.33240783	0.23778802	0.65018564	0.0	0.41008526	0.06649104	0.49956512	0.28475988	12100	-0.01526396	0.03691996	-0.0007497221	-0.00041236798	1.5263956	-0.00038660527	0.0	4.0	46.91856598854065	222
121	0.3672708	0.21066023	0.7182992	0.0	5.8333335	21.8125	10.892766	35.0	1.0	0.39535135	0.21674089	0.7182992	0.0	0.40046322	0.06676583	0.51504064	0.28317273	12200	-0.015216157	0.024430882	-0.0010525137	-0.00014649797	1.5216204	0.00022908211	0.0	4.0	47.45624780654907	187
122	0.36142027	0.2113447	0.74963444	0.0	5.266667	18.277779	9.791183	33.0	3.0	0.3702606	0.23210275	0.74963444	0.0	0.39167175	0.066735946	0.5049628	0.28107855	12300	-0.015288606	0.02746665	-0.0013105012	-0.00018774276	1.5288614	-3.0932424e-05	0.0	4.0	47.86497616767883	248
123	0.35319218	0.18233204	0.5824932	0.0	5.769231	16.375	11.038994	34.0	2.0	0.35049897	0.18366289	0.5824932	0.0	0.3883673	0.062148117	0.4888165	0.27930316	12400	-0.01525408	0.021139678	-0.00093781203	-0.00033565145	1.5254066	-0.00010076526	0.0	4.0	48.245882987976074	264
124	0.3005482	0.1814982	0.6686484	0.0	6.0833335	19.066668	10.623663	37.0	4.0	0.32230982	0.17187442	0.6686484	0.0	0.38398337	0.059763964	0.4928717	0.27716428	12500	-0.015185192	0.019627081	-0.0010254867	-0.00053390453	1.5185144	0.00030335903	0.0	4.0	48.868212938308716	161
125	0.27480218	0.21765691	0.61488557	0.0	5.076923	15.8125	10.266564	36.0	2.0	0.33689255	0.2107967	0.61488557	0.0	0.37095973	0.053774394	0.45728213	0.27415082	12600	-0.015280142	0.02296336	-0.0023521055	-0.00026000082	1.5280137	-0.00059235573	0.0	4.0	49.42658352851868	183
126	0.3070418	0.21984695	0.6784961	0.0	5.75	18.533333	8.93582	37.0	4.0	0.3793823	0.2288326	0.6784961	0.0	0.37147546	0.055477057	0.45614985	0.27112058	12700	-0.015216112	0.026482975	-0.0010941513	-1.777662e-05	1.5216081	6.237984e-05	0.0	4.0	49.92794346809387	200
127	0.39581183	0.15643618	0.62206966	0.0	7.090909	17.428572	10.328284	31.0	0.0	0.3643134	0.18055455	0.62206966	0.0	0.36729556	0.050629213	0.44081247	0.2691486	12800	-0.015147716	0.01875347	-0.0019858752	-8.5859676e-05	1.5147748	0.00043893338	0.0	4.0	50.33164882659912	254
128	0.32667106	0.18919297	0.57899624	0.0	7.6666665	23.461538	9.161922	35.0	9.0	0.28278255	0.19167563	0.57899624	0.0	0.37168303	0.0531207	0.4484775	0.26794028	12900	-0.015156753	0.026962683	-0.0011589527	-0.0007234505	1.5156734	0.00027901173	0.0	4.0	50.815021276474	207
129	0.35999116	0.15886182	0.58848006	0.0	8.111111	13.833333	11.231157	31.0	1.0	0.34100115	0.16365361	0.58848006	0.0	0.36414784	0.04844539	0.43886086	0.26521602	13000	-0.015025068	0.014985755	-0.0020888876	-0.00031830283	1.5025052	0.0005051088	0.0	4.0	51.26156258583069	225
130	0.36955196	0.18350653	0.6424562	0.0	4.928571	18.294117	9.820535	33.0	2.0	0.36352882	0.19102019	0.6424562	0.0	0.34143478	0.047711927	0.40853658	0.2619833	13100	-0.0152253285	0.019563967	-0.0018083043	-1.9574072e-06	1.5225321	0.00038661482	0.0	4.0	51.68142628669739	239
131	0.36515966	0.1408041	0.5132652	3.330669e-16	5.5	19.0625	9.33052	35.0	3.0	0.4034911	0.093605995	0.5132652	3.330669e-16	0.33628502	0.043466214	0.41372466	0.260137	13200	-0.015250012	0.006336429	-0.00086209364	6.248546e-05	1.5249999	0.0003228665	0.0	4.0	52.07121753692627	257
132	0.36383328	0.24771385	0.6744804	0.0	5.357143	18.235294	11.133042	35.0	0.0	0.37293547	0.21886456	0.6744804	0.0	0.33277133	0.04180537	0.4098406	0.26048112	13300	-0.015235424	0.026185706	-0.0014796201	-7.799547e-05	1.52354	0.0006110668	0.0	4.0	52.45265340805054	265
133	0.29503125	0.20553578	0.6772319	0.0	4.117647	16.3	10.440785	32.0	1.0	0.31520268	0.1932636	0.6772319	0.0	0.33485484	0.0486305	0.43216082	0.26200277	13400	-0.015292168	0.021048581	-0.0015814379	2.5725167e-06	1.5292162	-0.00010311129	0.0	4.0	52.957462310791016	198
134	0.39363697	0.15198722	0.6390692	0.019772746	5.428571	17.5	9.546669	33.0	1.0	0.40490103	0.1319324	0.6390692	0.019772746	0.33756745	0.04656973	0.42250645	0.2627603	13500	-0.015230387	0.011495657	-0.0014040582	-9.6587e-05	1.5230379	-0.0005599308	0.0	4.0	53.296990156173706	296
135	0.41653216	0.21166927	0.7587934	3.330669e-16	5.230769	19.125	9.936518	37.0	7.0	0.4524719	0.18487427	0.7587934	3.330669e-16	0.3366536	0.04100693	0.4076103	0.2640817	13600	-0.015143737	0.02303484	-0.0014537293	-0.0005515814	1.5143819	1.0476113e-05	0.0	4.0	53.64790654182434	287
136	0.45207855	0.15612164	0.74317294	0.18260969	5.181818	24.6	10.320207	36.0	1.0	0.48487848	0.1309078	0.74317294	0.18260969	0.35183352	0.04459641	0.41668236	0.26756984	13700	-0.015148103	0.01671964	-0.000931764	-0.0011382885	1.5148108	-0.00026206495	0.0	4.0	54.013959646224976	274
137	0.3106104	0.23070402	0.59632367	0.0	6.3333335	14.733334	8.1360655	28.0	1.0	0.2392355	0.23498839	0.59632367	0.0	0.35947087	0.047054972	0.4258183	0.27314258	13800	-0.015209533	0.039615124	-0.0012557805	0.0005206205	1.5209501	-2.4652545e-06	0.0	4.0	54.39689087867737	263
138	0.22256203	0.27612287	0.71413666	0.0	6.0	15.9375	9.134199	37.0	5.0	0.23012078	0.26726386	0.71413666	0.0	0.36255464	0.047786076	0.44731325	0.27522698	13900	-0.015103936	0.046561193	-0.002069693	-0.00094114896	1.5103866	0.00083807943	0.0	4.0	54.85139036178589	221
139	0.34421018	0.1965021	0.6411478	0.0	6.7272725	22.333334	9.118967	35.0	5.0	0.35285044	0.18430477	0.6411478	0.0	0.35745734	0.0459426	0.43770003	0.27255207	14000	-0.015209593	0.017674811	-0.0015774835	-0.0001263367	1.5209554	0.0007675219	0.0	4.0	55.21397113800049	277
140	0.2939586	0.14756805	0.4778315	0.0	5.4615383	15.588235	10.555505	30.0	0.0	0.30201873	0.15797156	0.4778315	0.0	0.3483471	0.044807367	0.42698872	0.26952583	14100	-0.015253037	0.015191395	-0.0009862594	-0.00036278396	1.5253005	0.00045333864	0.0	4.0	55.63786172866821	237
141	0.38132313	0.24409303	0.69522285	3.330669e-16	4.857143	21.5	9.765302	37.0	7.0	0.42641193	0.16216797	0.69522285	3.330669e-16	0.33862525	0.04235558	0.4111926	0.26684576	14200	-0.015197989	0.016765019	-0.0008652881	0.00020762638	1.5197963	-9.121897e-06	0.0	4.0	56.08215045928955	226
142	0.32575482	0.2037087	0.61619335	0.0	5.6923075	15.117647	10.747817	35.0	0.0	0.33740807	0.19075274	0.61619335	0.0	0.3371675	0.040140282	0.4207177	0.26630184	14300	-0.015251286	0.019145915	-0.0009520352	-2.8103765e-05	1.5251267	-8.196817e-06	0.0	4.0	56.585472106933594	199
143	0.30957466	0.24403627	0.8004663	0.0	6.071429	19.1875	10.771599	36.0	0.0	0.27082524	0.23069559	0.8004663	0.0	0.34059802	0.04306924	0.41692224	0.26676223	14400	-0.015136413	0.031353682	-0.001771234	-0.00028467632	1.5136386	0.00041969295	0.0	4.0	57.0364453792572	223
144	0.369065	0.22756459	0.69177425	0.0	4.9333334	16.666666	11.120551	35.0	0.0	0.36048344	0.21432148	0.69177425	0.0	0.331613	0.03682923	0.3993207	0.26564634	14500	-0.015296042	0.023855276	-0.0017097369	4.1743915e-06	1.5296018	4.7368987e-05	0.0	4.0	57.51909780502319	208
145	0.28228006	0.17504938	0.64034647	2.220446e-16	3.4444444	15.181818	10.726502	34.0	0.0	0.34469575	0.14522254	0.64034647	2.220446e-16	0.32415527	0.03911932	0.3994516	0.26475382	14600	-0.015284695	0.009480836	-0.002503404	4.549045e-06	1.5284679	-9.044171e-05	0.0	4.0	58.07451796531677	181
146	0.29443893	0.18605217	0.55634	0.0	5.142857	19.555555	12.535382	37.0	2.0	0.30656493	0.17334113	0.55634	0.0	0.32970384	0.0390709	0.3933867	0.26498556	14700	-0.015178435	0.016929373	-0.0021019578	-5.009555e-06	1.5178416	0.0002696085	0.0	4.0	58.54106378555298	215
147	0.32652456	0.24784024	0.65436393	0.0	6.2727275	21.0	12.36123	37.0	1.0	0.30881852	0.24801563	0.65436393	0.0	0.33146	0.035765506	0.4023757	0.26494634	14800	-0.0151390955	0.03208328	-0.002116099	-0.000114758965	1.51391	3.5653095e-05	0.0	4.0	59.002424478530884	219
148	0.34784824	0.17259717	0.65973663	0.0	4.733333	16.222221	10.184713	36.0	1.0	0.33552742	0.18620011	0.65973663	0.0	0.32668647	0.03662952	0.3969353	0.26421076	14900	-0.015102446	0.018588219	-0.0028265044	-1.3408833e-05	1.5102427	0.0004551124	0.0	4.0	59.46404719352722	218
149	0.22968996	0.16477875	0.49883747	0.0	5.714286	21.058823	10.154515	37.0	8.0	0.22271429	0.17557758	0.49883747	0.0	0.3229959	0.033723935	0.37373748	0.26367018	15000	-0.015136927	0.021397699	-0.0015921295	-0.00044376205	1.5136826	-0.00017203332	0.0	4.0	59.80120515823364	298
150	0.29007736	0.18866651	0.7667487	0.0	4.9411764	20.11111	9.619938	34.0	6.0	0.2545739	0.21447958	0.7667487	0.0	0.32066032	0.033348724	0.38419127	0.26157692	15100	-0.015050076	0.026469804	-0.0033256602	-0.0005911719	1.5050106	0.0009496212	0.0	4.0	60.27276659011841	213
151	0.17977579	0.15154622	0.34576166	0.0	5.5384617	19.6875	11.574318	37.0	2.0	0.2027949	0.15641275	0.34576166	0.0	0.3121067	0.03100176	0.3776029	0.2581348	15200	-0.015013628	0.018338352	-0.0019073039	-0.001003173	1.5013611	0.0016618585	0.0	4.0	60.80862903594971	188
152	0.34680593	0.17305467	0.6445653	0.026527055	4.0625	17.947369	11.975737	34.0	1.0	0.40454265	0.1458575	0.6445653	0.026527055	0.29775757	0.027959578	0.35329726	0.2535708	15300	-0.015097648	0.015528088	-0.0011762045	0.00047912868	1.5097697	-0.0004369783	0.0	4.0	61.29014992713928	209
153	0.37285876	0.17889084	0.6246932	0.0	4.875	21.052631	10.580388	37.0	1.0	0.3432002	0.1859203	0.6246932	0.0	0.29847682	0.028937342	0.35027868	0.25178507	15400	-0.0151072	0.019611849	-0.001457978	-3.640284e-05	1.510723	-0.0001530886	0.0	4.0	61.77574563026428	207
154	0.3495666	0.21954477	0.70295185	0.0	5.0666666	20.578947	10.230582	37.0	1.0	0.35548714	0.22359546	0.70295185	0.0	0.2988894	0.027342115	0.35715306	0.25246578	15500	-0.015060186	0.02586168	-0.0030346587	-0.00014024135	1.5060097	0.00010827067	0.0	4.0	62.175743103027344	251
155	0.41939837	0.17564198	0.6543133	3.330669e-16	5.4666667	17.470589	11.494846	35.0	1.0	0.44960296	0.15027648	0.6543133	3.330669e-16	0.30203944	0.027779216	0.3490812	0.25426203	15600	-0.01487848	0.022142895	-0.0023984462	-0.0010099986	1.4878522	0.000402813	0.0	4.0	62.562605142593384	260
156	0.41934836	0.16831282	0.6874499	0.0	7.3636365	15.692307	12.167957	35.0	1.0	0.36878386	0.18225932	0.6874499	0.0	0.3158349	0.029138943	0.38653833	0.2585103	15700	-0.0149393305	0.0190274	-0.0023769513	-0.00030638545	1.4939387	0.00040786265	0.0	4.0	62.9160943031311	284
157	0.37418666	0.19023193	0.6943705	3.330669e-16	4.3846154	15.823529	11.98644	34.0	0.0	0.3977855	0.14593598	0.6943705	3.330669e-16	0.32148302	0.03263624	0.3784596	0.26320547	15800	-0.0150426775	0.012996854	-0.001285641	-0.00050179753	1.504267	-6.050586e-05	0.0	4.0	63.338993549346924	237
158	0.33667457	0.160607	0.6218289	0.0	6.3076925	16.733334	12.30429	34.0	0.0	0.34104756	0.17099759	0.6218289	0.0	0.32965392	0.032158274	0.3895315	0.2677347	15900	-0.014953479	0.014510027	-0.005535554	6.359245e-06	1.4953513	0.00088808057	0.0	4.0	63.77586603164673	230
159	0.3769808	0.18711324	0.6183167	0.0	4.5625	17.222221	11.2079115	37.0	0.0	0.35900593	0.19295637	0.6183167	0.0	0.33545575	0.036006156	0.3945642	0.2713722	16000	-0.014955819	0.019830722	-0.0016178801	-4.175218e-05	1.4955852	-0.00020884513	0.0	4.0	64.17025709152222	255
160	0.2962632	0.23333065	0.6496289	-0.0082500605	7.4444447	18.692308	10.064291	36.0	1.0	0.28195703	0.22416808	0.6496289	-0.0082500605	0.3484751	0.037051972	0.40784624	0.27392942	16100	-0.0148489475	0.028303552	-0.0023448318	-0.000110319874	1.4849029	0.0016942644	0.0	4.0	64.57638454437256	248
161	0.389355	0.13486789	0.6208503	3.330669e-16	4.0	12.45	11.872131	35.0	0.0	0.38645458	0.09979459	0.6208503	3.330669e-16	0.3351435	0.03728902	0.39948365	0.27425608	16200	-0.014986686	0.0071305335	-0.0017269468	1.316666e-05	1.4986703	0.0002338505	0.0	4.0	65.18015503883362	166
162	0.3552221	0.18432806	0.6902348	0.0	6.0	20.333334	10.63746	37.0	0.0	0.36496168	0.1935817	0.6902348	0.0	0.34093818	0.032155838	0.38657033	0.27458793	16300	-0.014878392	0.018616825	-0.0022497661	-2.4320325e-05	1.4878433	0.0006389475	0.0	4.0	65.56987142562866	262
163	0.40442127	0.14734201	0.7097721	0.1154447	4.428571	21.88889	10.989333	36.0	3.0	0.4330368	0.12099487	0.7097721	0.1154447	0.34089798	0.03639676	0.39998186	0.27572882	16400	-0.014825374	0.011255393	-0.0008366294	-0.00031977182	1.4825352	-0.00034295558	0.0	4.0	66.06885242462158	201
164	0.3696813	0.1651413	0.6508033	0.0	5.6923075	21.470589	10.814574	37.0	0.0	0.40590662	0.13702613	0.6508033	0.0	0.34358868	0.035247453	0.39524335	0.27829158	16500	-0.014883921	0.011064486	-0.0014677942	-0.00036799686	1.4883873	-2.5124566e-05	0.0	4.0	66.38649892807007	316
165	0.39073017	0.19766	0.6421027	3.330669e-16	5.285714	20.0	10.954452	33.0	1.0	0.44462046	0.16061878	0.6421027	3.330669e-16	0.35796028	0.04298819	0.43351883	0.28186387	16600	-0.01466449	0.016028784	-0.0020060502	-0.0006619611	1.4664545	0.0005890131	0.0	4.0	66.72201299667358	299
166	0.4037658	0.16608784	0.7373266	0.0	4.5555553	20.526316	9.691931	34.0	4.0	0.3759976	0.20756692	0.7373266	0.0	0.36320084	0.046106495	0.44212863	0.2862069	16700	-0.014926612	0.023451043	-0.0014343336	4.2899977e-05	1.4926587	0.000156703	0.0	4.0	67.1451587677002	238
167	0.36585197	0.21204676	0.6583051	0.0	7.8	20.0	12.478553	37.0	2.0	0.31840393	0.22833176	0.6583051	0.0	0.37376645	0.044189688	0.4457736	0.28969514	16800	-0.014734581	0.029472992	-0.0023580343	-8.467503e-05	1.4734557	0.0012827443	0.0	4.0	67.4475314617157	332
168	0.4300881	0.20445693	0.7915098	3.330669e-16	4.2941175	16.631578	10.509196	36.0	0.0	0.4617509	0.15167513	0.7915098	3.330669e-16	0.37209237	0.049773734	0.44762123	0.2905971	16900	-0.014783844	0.01556066	-0.00093992427	-8.908083e-05	1.478387	-0.0004675007	0.0	4.0	67.89248275756836	226
169	0.49451813	0.13837367	0.7191042	0.32531536	5.3076925	19.647058	11.250836	36.0	0.0	0.48283035	0.12454977	0.7191042	0.32531536	0.37538773	0.04647355	0.46272784	0.29215816	17000	-0.014788531	0.01386139	-0.0011143163	-0.0005065984	1.4788482	0.00021322728	0.0	4.0	68.25213980674744	279
170	0.37172914	0.20166251	0.6347012	3.330669e-16	4.375	15.35	10.622029	36.0	1.0	0.42325202	0.14786293	0.6347012	3.330669e-16	0.36837065	0.042937018	0.43907425	0.29588345	17100	-0.014943033	0.011897406	-0.0015063323	-0.0003270898	1.4943016	-6.711483e-05	0.0	4.0	68.57066798210144	315
171	0.37932512	0.19229935	0.68186575	0.0	3.4	18.291666	11.649317	37.0	1.0	0.39948317	0.17086919	0.68186575	0.0	0.3747568	0.049752824	0.45634723	0.30012745	17200	-0.014981911	0.01578985	-0.0018582083	-5.697814e-05	1.4981914	-0.00023076772	0.0	4.0	69.09986639022827	189
172	0.2939038	0.15417679	0.5470457	3.330669e-16	4.6666665	18.294117	9.144363	35.0	6.0	0.37037113	0.115865335	0.5470457	3.330669e-16	0.39798373	0.053486984	0.48122138	0.30356482	17300	-0.014675843	0.006687101	-0.003993301	0.00011042674	1.4675813	0.0014284612	0.0	4.0	69.57028460502625	213
173	0.3564284	0.18264247	0.63984513	3.330669e-16	4.4117646	17.1	11.493041	35.0	1.0	0.42047226	0.15060735	0.63984513	3.330669e-16	0.39565766	0.05486109	0.4781786	0.30526036	17400	-0.014718158	0.010956395	-0.0029202756	-4.850235e-05	1.4718144	0.0015919065	0.0	4.0	70.07847619056702	197
174	0.43105602	0.13957973	0.6684529	0.2212055	4.388889	16.736841	10.310149	37.0	0.0	0.44555685	0.13486885	0.6684529	0.2212055	0.40036383	0.057402227	0.4970824	0.3064126	17500	-0.014645852	0.010719402	-0.0036089271	-0.000103486	1.4645871	0.0013048172	0.0	4.0	70.46559810638428	263
175	0.36302802	0.2046417	0.63267195	0.0	4.866667	20.38889	10.409072	36.0	0.0	0.36513773	0.19692652	0.63267195	0.0	0.40227464	0.052351553	0.4770966	0.3082333	17600	-0.0147795975	0.021256689	-0.00080064964	1.9545783e-05	1.4779634	-0.0011168837	0.0	4.0	70.83436846733093	272
176	0.4267681	0.19187634	0.6794723	0.0	5.857143	19.235294	12.590983	35.0	1.0	0.39621913	0.21328135	0.6794723	0.0	0.40736365	0.052819785	0.4891619	0.3089542	17700	-0.01446636	0.02462697	-0.001174951	-0.0001757089	1.4466369	0.00052813534	0.0	4.0	71.1944408416748	280
177	0.4153577	0.1956539	0.71458083	3.330669e-16	3.4444444	17.681818	10.59325	36.0	0.0	0.47179556	0.15733159	0.71458083	3.330669e-16	0.39587387	0.05434165	0.47237772	0.3085629	17800	-0.0146372095	0.014620544	-0.0016080486	-1.237588e-05	1.4637194	0.0002029753	0.0	4.0	71.7146806716919	192
178	0.43669495	0.15906915	0.6478431	3.330669e-16	5.714286	19.058823	11.749696	37.0	4.0	0.47554886	0.12277555	0.6478431	3.330669e-16	0.4039087	0.051178053	0.49076214	0.3096325	17900	-0.014537886	0.009439313	-0.0012309803	-0.00025783078	1.4537848	-0.00024753093	0.0	4.0	72.39174199104309	148
179	0.34715676	0.2088695	0.71012706	0.0	5.285714	20.470589	11.040661	36.0	0.0	0.35560513	0.20220482	0.71012706	0.0	0.41241205	0.055533662	0.5029831	0.31241018	18000	-0.014449999	0.023342317	-0.003869018	0.0001785917	1.4449965	4.389294e-06	0.0	4.0	72.76212406158447	272
180	0.4507935	0.15372336	0.7273078	0.3252191	5.785714	23.75	9.978101	37.0	6.0	0.4277267	0.1371679	0.7273078	0.3252191	0.41618726	0.053687084	0.5077807	0.3135708	18100	-0.01453606	0.011848705	-0.0010956675	-4.9920694e-05	1.4536048	-0.0010807586	0.0	4.0	73.26159882545471	200
181	0.40549532	0.17986727	0.75822604	3.330669e-16	4.866667	17.647058	9.737382	36.0	0.0	0.42773357	0.1437823	0.75822604	3.330669e-16	0.40917382	0.054575216	0.51226336	0.31360996	18200	-0.014372325	0.010715252	-0.0027709748	-1.0173768e-05	1.4372333	0.0010998988	0.0	4.0	73.79013776779175	190
182	0.40899086	0.2045441	0.89980125	3.330669e-16	5.3846154	15.470589	8.945046	35.0	4.0	0.44768342	0.1940006	0.89980125	3.330669e-16	0.41337058	0.052283432	0.4836186	0.31407225	18300	-0.01442726	0.019058298	-0.0022522025	-6.868807e-05	1.4427273	-0.00082044123	0.0	4.0	74.16845655441284	266
183	0.32675886	0.14587137	0.6565534	3.330669e-16	3.1764705	17.809525	10.657522	36.0	3.0	0.37731162	0.112268366	0.6565534	3.330669e-16	0.40018922	0.051329564	0.48400587	0.31524307	18400	-0.014589643	0.0067424336	-0.0025934046	4.0716026e-05	1.4589624	-0.00015376805	0.0	4.0	74.65427541732788	207
184	0.33348775	0.1688863	0.6907331	3.330669e-16	3.4761906	16.541666	11.46727	36.0	1.0	0.37031478	0.14884171	0.6907331	3.330669e-16	0.40225047	0.057274174	0.5122285	0.31582674	18500	-0.014413625	0.012067508	-0.0047309976	-1.633307e-05	1.4413619	0.0023125147	0.0	4.0	75.24235963821411	170
185	0.41180038	0.16542242	0.65903974	3.330669e-16	4.357143	15.0	9.792287	35.0	0.0	0.4456374	0.11618537	0.65903974	3.330669e-16	0.4091984	0.055178586	0.49885872	0.31528476	18600	-0.014416337	0.007585611	-0.0014620563	-1.7701532e-06	1.4416426	-0.002064085	0.0	4.0	75.59994411468506	282
186	0.38928956	0.13897796	0.72283137	0.14754784	4.8125	19.842106	13.167996	36.0	0.0	0.42054552	0.13948824	0.72283137	0.14754784	0.41015685	0.053863674	0.48841584	0.31532264	18700	-0.014329404	0.010079015	-0.0021772943	-1.204107e-05	1.4329412	0.000559299	0.0	4.0	76.09067249298096	205
187	0.37165213	0.16410042	0.6292112	0.0	6.0	18.533333	10.11841	37.0	5.0	0.36386374	0.17667885	0.6292112	0.0	0.42240006	0.05417654	0.50093836	0.31583694	18800	-0.013874412	0.0201258	-0.0014029033	-0.00026207196	1.3874437	-0.0001594901	0.0	4.0	76.49944686889648	246
188	0.407713	0.17435353	0.7103763	3.330669e-16	5.5384617	14.125	8.8167095	28.0	1.0	0.46840626	0.13156883	0.7103763	3.330669e-16	0.41305062	0.05299796	0.4893982	0.31476396	18900	-0.0139931105	0.008998955	-0.0026977188	6.830541e-05	1.3993119	0.00056117534	0.0	4.0	76.84722375869751	289
189	0.27675605	0.1910392	0.64691913	0.0	4.882353	19.277779	9.176089	33.0	1.0	0.31179386	0.19861622	0.64691913	0.0	0.40479156	0.05050998	0.49311134	0.31466734	19000	-0.013926551	0.024321226	-0.0027303956	-0.00028707297	1.3926499	0.0007907533	0.0	4.0	77.37660336494446	189
190	0.39005914	0.22977611	0.7268312	0.0	4.529412	16.75	12.743135	36.0	0.0	0.39845783	0.23688237	0.7268312	0.0	0.40023902	0.053341273	0.5019287	0.31338122	19100	-0.014142826	0.029359376	-0.0018222793	-0.00019641849	1.4142835	0.00024250505	0.0	4.0	77.79470920562744	241
191	0.40087274	0.19915064	0.7001716	3.330669e-16	5.133333	22.117647	11.401147	37.0	5.0	0.44125092	0.14714444	0.7001716	3.330669e-16	0.40297955	0.04974044	0.4858804	0.31144008	19200	-0.013824105	0.011601022	-0.0016335808	5.498831e-05	1.3824066	2.9969204e-05	0.0	4.0	78.13599467277527	295
192	0.41822338	0.12787561	0.6141977	0.117537595	4.857143	17.333334	11.421227	37.0	0.0	0.44767883	0.09783808	0.6141977	0.117537595	0.3940055	0.045928758	0.46976072	0.31104895	19300	-0.014059441	0.006571141	-0.0012779199	-3.8764905e-05	1.4059438	4.3175227e-05	0.0	4.0	78.49238538742065	282
193	0.4777529	0.1337871	0.6818353	0.32633263	6.6363635	19.428572	8.723648	33.0	2.0	0.4987086	0.121635675	0.6818353	0.32633263	0.40449855	0.047233935	0.4841316	0.31233734	19400	-0.013873927	0.011480256	-0.0018200204	-0.00052959134	1.38739	-0.00045774697	0.0	4.0	78.84275794029236	288
194	0.3586505	0.17777826	0.75515354	0.0	4.6	19.11111	10.707676	34.0	0.0	0.36743087	0.20142637	0.75515354	0.0	0.40233254	0.047303908	0.4779085	0.31569952	19500	-0.0140157305	0.021952441	-0.0021523365	0.00020459335	1.4015745	-0.000119714736	0.0	4.0	79.34283185005188	200
195	0.43193763	0.18808343	0.79504734	0.026689539	4.5	12.578947	7.0136395	27.0	3.0	0.42610464	0.15322632	0.79504734	0.026689539	0.40434796	0.049711853	0.483434	0.31790942	19600	-0.014022008	0.01305969	-0.0014597066	-6.369129e-05	1.4022082	0.0006547093	0.0	4.0	79.87697219848633	189
196	0.44819516	0.13673154	0.6592324	0.25048453	4.142857	16.166666	12.601808	34.0	0.0	0.46179363	0.11089464	0.6592324	0.25048453	0.41055474	0.051566083	0.5084972	0.31902272	19700	-0.01381357	0.008384677	-0.0017902013	-9.1455644e-05	1.3813603	-0.00013878822	0.0	4.0	80.20866084098816	303
197	0.3702701	0.10317593	0.5774697	0.22257665	4.6666665	14.6875	11.841235	37.0	0.0	0.40050787	0.07664323	0.5774697	0.22257665	0.41435868	0.049427636	0.49629802	0.3209563	19800	-0.013747424	0.0040623406	-0.0033528209	6.98191e-05	1.374739	0.00044570683	0.0	4.0	80.51364803314209	329
198	0.4018515	0.15803272	0.7769255	3.330669e-16	3.75	19.416666	10.889278	37.0	1.0	0.45281154	0.15539387	0.7769255	3.330669e-16	0.40851933	0.057843015	0.4986056	0.322375	19900	-0.013998188	0.012333527	-0.0030836128	-0.0001297351	1.3998227	0.0021737125	0.0	4.0	80.91481065750122	250
199	0.40239954	0.23367935	0.6856904	0.0	6.4166665	21.8125	8.73369	36.0	2.0	0.35749334	0.2538272	0.6856904	0.0	0.4277004	0.053681046	0.52429277	0.323964	20000	-0.013490289	0.03684308	-0.0033576638	-0.00014410377	1.3490272	0.0005466796	0.0	4.0	81.23758053779602	311
200	0.39189637	0.10783028	0.6951522	0.29774666	4.4166665	17.375	10.191142	32.0	1.0	0.39447647	0.09445239	0.6951522	0.29774666	0.41531944	0.048974548	0.49785453	0.32364	20100	-0.013697244	0.005999005	-0.001487717	-0.00020719244	1.3697257	8.900644e-05	0.0	4.0	81.54578876495361	326
201	0.32029587	0.1974695	0.5765186	0.0	6.0833335	17.1875	11.364521	36.0	0.0	0.30589828	0.21531622	0.5765186	0.0	0.41546264	0.05110543	0.5108292	0.32191348	20200	-0.0133417025	0.031216625	-0.0036396831	-0.0016327598	1.3341676	0.001325221	0.0	4.0	81.94922423362732	248
202	0.41152593	0.16664138	0.67761755	3.330669e-16	4.8	19.68421	11.34647	37.0	6.0	0.42793626	0.13579985	0.67761755	3.330669e-16	0.39501747	0.044581626	0.46769583	0.3180617	20300	-0.013732534	0.009986839	-0.0009037284	0.00021872227	1.3732512	-0.001052022	0.0	4.0	82.28549456596375	298
203	0.367304	0.19007398	0.64590645	3.330669e-16	4.4375	18.5	10.466614	35.0	1.0	0.4134579	0.1530873	0.64590645	3.330669e-16	0.38820243	0.041497238	0.46001956	0.31507275	20400	-0.013553232	0.012111906	-0.0016557127	0.00013418845	1.3553232	-0.0003685522	0.0	4.0	82.66234374046326	266
204	0.3627904	0.16564935	0.78141356	0.026690325	4.0625	19.95	10.461717	36.0	0.0	0.3865399	0.13156915	0.78141356	0.026690325	0.37730357	0.040472075	0.455271	0.31427813	20500	-0.01359126	0.00865248	-0.0028346758	-1.967448e-06	1.359128	1.2540811e-05	0.0	4.0	83.160888671875	201
205	0.46404055	0.1323754	0.69152313	0.32958072	5.1538463	24.625	10.594072	37.0	0.0	0.44052866	0.12796372	0.69152313	0.32958072	0.38243142	0.040749934	0.45884296	0.3142832	20600	-0.0135445	0.010512192	-0.0014328249	-6.8445865e-05	1.3544465	3.3045071e-06	0.0	4.0	83.5071759223938	290
206	0.4080015	0.09049489	0.6257512	0.33030006	5.8333335	17.6	10.719453	37.0	0.0	0.40080968	0.081128895	0.6257512	0.33030006	0.38069388	0.035863645	0.45055902	0.31553936	20700	-0.013425231	0.0040984955	-0.0016294578	-3.0271083e-05	1.3425248	0.000523665	0.0	4.0	83.85439395904541	289
207	0.44997585	0.15978426	0.81678796	0.1758495	4.375	23.3	8.538735	36.0	2.0	0.4939094	0.15999721	0.81678796	0.1758495	0.3799598	0.038294557	0.46755844	0.31728664	20800	-0.013550967	0.01958044	-0.0017877994	-0.00086725265	1.3550928	0.0008464074	0.0	4.0	84.34878206253052	203
208	0.43161982	0.17993201	0.75357234	3.330669e-16	5.923077	17.875	13.322327	37.0	0.0	0.4879622	0.1457851	0.75357234	3.330669e-16	0.3970774	0.042244524	0.47957286	0.32094625	20900	-0.013326481	0.015004727	-0.0020333938	-0.0011996982	1.3326452	0.000107572094	0.0	4.0	84.67663884162903	311
209	0.35343793	0.1920649	0.6530471	0.0	4.1875	20.6	11.577565	37.0	1.0	0.363802	0.19848236	0.6530471	0.0	0.40879318	0.048238803	0.50200176	0.32634625	21000	-0.013663381	0.021749843	-0.0025662612	0.00053541246	1.3663387	0.00012244462	0.0	4.0	85.04418921470642	273
210	0.3921843	0.1700344	0.688675	2.220446e-16	3.4117646	20.333334	10.584505	36.0	1.0	0.43930376	0.13271119	0.688675	2.220446e-16	0.41374397	0.053319935	0.50747055	0.32940122	21100	-0.013614923	0.008760943	-0.001999421	-6.445183e-05	1.3614938	0.00016596557	0.0	4.0	85.37436890602112	304
211	0.43428507	0.1416066	0.6748234	0.32219657	6.7	21.23077	11.470053	37.0	0.0	0.4167979	0.11748224	0.6748234	0.32219657	0.42979264	0.047854986	0.520623	0.33104366	21200	-0.013220809	0.008724642	-0.0012396732	-1.8578372e-05	1.3220825	-0.0003353119	0.0	4.0	85.69020962715149	318
212	0.38701394	0.15710156	0.69693446	3.330669e-16	3.7777777	21.619047	10.007027	37.0	6.0	0.39645645	0.13474037	0.69693446	3.330669e-16	0.42543274	0.057004035	0.5310071	0.33176166	21300	-0.013676394	0.011009751	-0.0009257784	-0.00019402278	1.3676363	-0.00047746184	0.0	4.0	86.0875313282013	253
213	0.36935347	0.07161799	0.4913098	0.22537705	4.4117646	19.8	10.856335	37.0	1.0	0.37866005	0.06712308	0.4931657	0.22537705	0.41456428	0.04920135	0.50032455	0.3311186	21400	-0.013769649	0.0037763112	-0.0009744577	-0.0003096785	1.3769631	0.00025460243	0.0	4.0	86.58139681816101	203
214	0.3159234	0.2150716	0.6611159	0.0	4.375	23.65	9.60872	36.0	1.0	0.3363519	0.20685442	0.6611159	0.0	0.41078773	0.049609337	0.5175462	0.32942936	21500	-0.01332435	0.024347402	-0.0018372312	-0.0008635336	1.332432	0.000474174	0.0	4.0	87.17171597480774	169
215	0.45888293	0.21106592	0.7048009	0.0	6.75	19.857143	8.716627	37.0	5.0	0.4638971	0.24051717	0.7048009	0.0	0.4057941	0.04233845	0.47810012	0.3263324	21600	-0.013173521	0.029301837	-0.005089298	0.00023308198	1.3173615	0.0006438851	0.0	4.0	87.75046467781067	175
216	0.38269234	0.17035526	0.64003855	0.0	7.181818	17.2	10.120605	35.0	4.0	0.36467072	0.1834329	0.64003855	0.0	0.39832473	0.04258689	0.49431837	0.3251496	21700	-0.012997955	0.01894185	-0.0035671238	-0.0002596327	1.2997983	0.0010607982	0.0	4.0	88.27717089653015	190
217	0.44237828	0.20583054	0.73639274	0.025676109	6.25	13.75	8.884678	32.0	1.0	0.47167596	0.1735913	0.73639274	0.025676109	0.3922036	0.045006756	0.48497972	0.31242585	21800	-0.013128206	0.01723442	-0.0035411958	9.066105e-05	1.3128217	-2.4323585e-05	0.0	4.0	88.62986755371094	285
218	0.4896034	0.1682618	0.7742235	0.15737295	5.4615383	17.058823	10.119699	35.0	2.0	0.50611776	0.1575144	0.7742235	0.15737295	0.397642	0.043343037	0.48148444	0.32519144	21900	-0.013110414	0.019878944	-0.0020829197	-0.00074083265	1.3110486	-0.0006102037	0.0	4.0	89.17926049232483	182
219	0.3906379	0.20356984	0.68866867	0.0	4.923077	20.8125	10.829467	36.0	0.0	0.38903573	0.1423894	0.68866867	0.0	0.39917797	0.045420542	0.4727357	0.31882796	22000	-0.01325836	0.010024341	-0.0014111176	0.00016810722	1.3258367	-0.00029903886	0.0	4.0	89.81959366798401	157
220	0.43332177	0.16929464	0.6731663	3.330669e-16	4.866667	22.11111	9.060837	37.0	5.0	0.46715912	0.13142098	0.6731663	3.330669e-16	0.41135806	0.047009256	0.48556894	0.33219346	22100	-0.013052478	0.010335764	-0.0012839772	-0.00024547055	1.3052511	0.0003847122	0.0	4.0	90.22205352783203	249
221	0.457815	0.19406082	0.82370347	3.330669e-16	4.5	18.85	10.706424	34.0	1.0	0.5004527	0.16276252	0.82370347	3.330669e-16	0.41449085	0.047918838	0.51991	0.33500335	22200	-0.013426654	0.016617404	-0.0018192306	-0.0007310359	1.3426665	-0.0001453328	0.0	4.0	90.59636616706848	268
222	0.4152925	0.13268484	0.60237914	0.12136191	5.5	16.375	11.629031	37.0	1.0	0.43039832	0.09756964	0.60237914	0.12136191	0.43374062	0.053770307	0.53895974	0.33919626	22300	-0.013002355	0.006271391	-0.001738824	0.0001668412	1.3002341	7.653714e-05	0.0	4.0	91.02650761604309	233
223	0.41895643	0.088132076	0.57501286	0.32189807	4.5333333	17.052631	9.456124	31.0	1.0	0.4297648	0.08197944	0.57501286	0.32189807	0.43618327	0.05450733	0.5271765	0.34234884	22400	-0.013468221	0.0044083945	-0.0015178211	4.2064465e-05	1.3468235	0.0002464652	0.0	4.0	91.41575884819031	258
224	0.4119137	0.13021962	0.66050774	0.22640367	5.357143	13.9375	8.742631	34.0	1.0	0.42717856	0.123265825	0.66050774	0.22640367	0.44891685	0.056095827	0.560378	0.3435946	22500	-0.012750663	0.009061493	-0.0012486558	-4.608935e-05	1.2750666	-0.000321157	0.0	4.0	91.85257649421692	230
225	0.37166828	0.20254861	0.64722407	0.0	4.0588236	16.857143	9.483247	32.0	1.0	0.45126358	0.15673648	0.64722407	0.0	0.43867728	0.06030797	0.5773697	0.3434499	22600	-0.013111515	0.011391427	-0.002981863	1.3275363e-05	1.3111522	0.00039803027	0.0	4.0	92.26897239685059	241
226	0.41997665	0.11082117	0.63919145	0.22537705	4.5	18.105263	12.523219	37.0	0.0	0.43212524	0.09933412	0.63919145	0.22537705	0.44039044	0.05672804	0.51999253	0.34341884	22700	-0.013324965	0.006016825	-0.0014213724	-1.709431e-05	1.3324953	0.00019618511	0.0	4.0	92.70110583305359	232
227	0.39141542	0.14257044	0.68279976	3.330669e-16	3.0454545	21.115385	10.360157	36.0	0.0	0.43034938	0.13563313	0.68279976	3.330669e-16	0.42989695	0.06000377	0.5412457	0.34323332	22800	-0.01364053	0.009266237	-0.0039001703	-4.614331e-05	1.3640528	0.001773448	0.0	4.0	93.21131038665771	197
228	0.41990128	0.11746218	0.61283076	0.29132816	4.9333334	23.444445	8.69369	37.0	3.0	0.42328644	0.105274215	0.61283076	0.29132816	0.43010053	0.05366759	0.5365052	0.34187686	22900	-0.013239838	0.0068616183	-0.0010613473	-6.841775e-05	1.3239851	0.0013041592	0.0	4.0	93.6628475189209	222
229	0.51069885	0.14057592	0.7706975	0.32626182	5.3333335	23.235294	9.686433	37.0	3.0	0.52757174	0.13766986	0.7706975	0.32626182	0.43166655	0.050278205	0.51456934	0.3419674	23000	-0.013290456	0.015204479	-0.0022559632	-0.00013704482	1.3290443	0.00056921004	0.0	4.0	94.18873620033264	190
230	0.4807657	0.14039148	0.70842797	0.3248433	4.4375	16.578947	9.004769	37.0	2.0	0.47670543	0.13288824	0.70842797	0.3248433	0.4316645	0.04897189	0.5085295	0.34336197	23100	-0.013519878	0.010548864	-0.002002297	-0.00012488209	1.3519897	0.0021248078	0.0	4.0	94.68435168266296	202
231	0.44926786	0.13157728	0.673316	0.3258117	5.9166665	18.8125	14.301306	37.0	0.0	0.46023256	0.12617609	0.673316	0.3258117	0.4392792	0.049673855	0.52754515	0.34605345	23200	-0.013271242	0.0091513125	-0.0028733513	-5.9260754e-05	1.3271288	0.0017739224	0.0	4.0	95.17664003372192	204
232	0.323208	0.13768944	0.6053895	0.0	6.4166665	13.866667	9.97909	32.0	0.0	0.32322383	0.1575881	0.6053895	0.0	0.43637484	0.049451098	0.53794557	0.34831175	23300	-0.01323238	0.019094836	-0.0028996468	-0.0008056848	1.3232462	0.0017148064	0.0	4.0	95.6417145729065	218
233	0.35948837	0.13105756	0.5756751	3.330669e-16	4.8	15.444445	10.286033	30.0	0.0	0.38140473	0.0924676	0.5756751	3.330669e-16	0.43600234	0.050914668	0.53107965	0.3472253	23400	-0.013404373	0.0067244354	-0.0010319278	-0.0007154716	1.3404443	-0.00026654007	0.0	4.0	96.06420159339905	238
234	0.44888452	0.19383411	0.67064404	0.0	5.6363635	20.733334	10.785587	37.0	0.0	0.41709375	0.20913051	0.67064404	0.0	0.42985508	0.05528834	0.53524584	0.30911055	23500	-0.012937635	0.01996932	-0.0045549497	-0.00042619405	1.2937726	0.0011971713	0.0	4.0	96.44031357765198	268
235	0.37288225	0.11977479	0.5497764	3.330669e-16	4.0	19.0	10.198039	37.0	0.0	0.40023592	0.1002656	0.5497764	3.330669e-16	0.40843406	0.04665315	0.5063416	0.3219908	23600	-0.013707709	0.004996633	-0.0019820426	-2.5239715e-05	1.3707675	-0.0014324903	0.0	4.0	96.91131567955017	213
236	0.44844928	0.16767128	0.6575679	0.018089175	4.1764708	18.95	10.042285	36.0	2.0	0.46067968	0.13429639	0.6575679	0.018089175	0.40037465	0.04854148	0.4790002	0.2816925	23700	-0.013692409	0.011184681	-0.0028907675	0.00015794509	1.3692389	-0.0008380604	0.0	4.0	97.38516640663147	212
237	0.35547957	0.21915323	0.6522375	3.330669e-16	4.133333	23.052631	10.138378	37.0	2.0	0.40870976	0.17198332	0.6522375	3.330669e-16	0.39466926	0.048755825	0.50374854	0.27496192	23800	-0.013298042	0.015089787	-0.0038427934	4.2843167e-06	1.3298051	0.0014290761	0.0	4.0	97.87892723083496	204
238	0.42908907	0.20630151	0.7030196	0.0	5.0666666	24.529411	11.561181	37.0	0.0	0.39858353	0.21318004	0.7030196	0.0	0.39870414	0.049176984	0.48308256	0.27068838	23900	-0.013402268	0.021361861	-0.0041842964	-7.6153316e-05	1.3402225	-0.00010241498	0.0	4.0	98.41604590415955	187
239	0.39680254	0.16816476	0.6580777	0.019832093	4.3076925	18.941177	9.53921	37.0	3.0	0.39254516	0.14604789	0.6580777	0.019832093	0.41422835	0.049417038	0.5175222	0.28151625	24000	-0.013134766	0.011576834	-0.0043238327	-9.915966e-06	1.3134725	0.0005093693	0.0	4.0	98.85692834854126	228
240	0.45462233	0.16847466	0.78077286	0.02409746	6.0	18.0	11.656186	35.0	2.0	0.49433646	0.14698495	0.78077286	0.02409746	0.39288372	0.054882664	0.49196932	0.2498315	24100	-0.013058811	0.018068166	-0.0018599089	-0.00037744595	1.3058817	7.133963e-05	0.0	4.0	99.2514750957489	255
241	0.44022426	0.11215566	0.6323976	0.28701535	5.571429	19.117647	10.736865	36.0	1.0	0.4377961	0.10230754	0.6323976	0.28701535	0.40288985	0.057721786	0.51918447	0.26597387	24200	-0.013039611	0.00869999	-0.0023014955	-0.00025620824	1.3039575	-0.00091558695	0.0	4.0	99.65318894386292	251
242	0.41743168	0.11785327	0.6398253	0.1995955	4.0	17.869566	11.022919	34.0	1.0	0.41939077	0.12193421	0.6398253	0.1995955	0.41668364	0.04999867	0.5029521	0.33269602	24300	-0.013465241	0.008355756	-0.0015425638	6.449828e-05	1.3465254	-0.0011111664	0.0	4.0	100.18402886390686	189
243	0.40189904	0.19139923	0.6730415	0.0	4.125	16.25	10.492259	35.0	0.0	0.36409542	0.19264837	0.6730415	0.0	0.41581887	0.05312861	0.51871675	0.3190537	24400	-0.013590902	0.01756933	-0.006394604	-0.0003815589	1.3590906	0.0018731903	0.0	4.0	100.6254050731659	227
244	0.4235514	0.15376332	0.67327195	0.12136191	5.714286	17.444445	9.633404	30.0	0.0	0.44842875	0.12672476	0.67327195	0.12136191	0.40559265	0.05585375	0.5072908	0.27197194	24500	-0.013190303	0.010369649	-0.0009945408	0.0002555187	1.3190246	0.0010729264	0.0	4.0	101.05297231674194	235
245	0.4543197	0.14779465	0.8646082	0.3173519	4.7058825	21.5	10.5158615	37.0	1.0	0.49067265	0.16258368	0.8646082	0.3173519	0.41102964	0.057628147	0.52630275	0.26700017	24600	-0.013235278	0.01917441	-0.0008548219	-0.00042984303	1.3235266	-0.00027212384	0.0	4.0	101.80358600616455	133
246	0.41145194	0.14630993	0.644984	3.330669e-16	4.2222223	20.227272	13.020724	37.0	1.0	0.44930655	0.11830131	0.644984	3.330669e-16	0.41551754	0.052259233	0.5113596	0.29712203	24700	-0.013410591	0.008646488	-0.0019480512	-0.00025293627	1.3410584	-0.00059381966	0.0	4.0	102.35063743591309	184
247	0.37969184	0.18827881	0.673432	3.330669e-16	3.764706	15.6	12.503599	37.0	0.0	0.41666576	0.14726979	0.673432	3.330669e-16	0.42889008	0.056997113	0.5262623	0.30303234	24800	-0.013466746	0.0106556285	-0.0020437408	6.555591e-05	1.3466762	0.00023230788	0.0	4.0	102.77457547187805	237
248	0.48231658	0.14262411	0.69665504	0.3116893	4.7058825	17.166666	8.839621	34.0	4.0	0.47819304	0.1418461	0.69665504	0.3116893	0.43751162	0.05319903	0.5461503	0.35185236	24900	-0.013240352	0.012224812	-0.0016712286	-7.2208e-05	1.324032	-0.0007575965	0.0	4.0	103.2488203048706	212
249	0.3673637	0.119018935	0.7599106	0.13807476	3.75	18.1	9.76166	32.0	0.0	0.38463232	0.10677485	0.7599106	0.13807476	0.4418744	0.055028778	0.54119074	0.35424927	25000	-0.013593718	0.00832006	-0.00091959117	-4.8061076e-05	1.3593706	0.0002256012	0.0	4.0	103.76518416404724	195
250	0.37194288	0.1527481	0.6669339	3.330669e-16	4.25	19.210526	10.32411	32.0	4.0	0.4011319	0.13416132	0.6669339	3.330669e-16	0.4310126	0.04966596	0.52057016	0.35396415	25100	-0.013474479	0.010394791	-0.0022864584	-0.00013926707	1.3474493	0.00047371388	0.0	4.0	104.22201251983643	219
251	0.40624863	0.08287809	0.5385419	0.28748822	4.714286	17.222221	14.214842	37.0	0.0	0.4207052	0.082862996	0.5385419	0.28748822	0.43883908	0.058016926	0.5331434	0.30385932	25200	-0.013100281	0.005091764	-0.0018423735	-0.00010496506	1.3100301	0.000886898	0.0	4.0	104.64396333694458	238
252	0.37594938	0.1377539	0.623662	0.02619072	5.0	19.222221	10.389929	37.0	3.0	0.4086807	0.109695494	0.623662	0.02619072	0.43106338	0.053030588	0.51375324	0.3347051	25300	-0.013341725	0.0071272785	-0.0022650175	-8.7839464e-05	1.3341733	0.00015693664	0.0	4.0	105.13136386871338	206
253	0.39498028	0.107311875	0.6176412	0.28400838	4.5882354	19.789474	12.189637	37.0	2.0	0.39951643	0.09991826	0.6176412	0.28400838	0.4188927	0.049029883	0.5090116	0.32875538	25400	-0.013433695	0.005975466	-0.0032307152	-9.659899e-05	1.3433659	0.0003165102	0.0	4.0	105.66756343841553	188
254	0.4061526	0.14583191	0.64486074	3.330669e-16	4.5	16.55	10.924628	34.0	0.0	0.41565016	0.11554089	0.64486074	3.330669e-16	0.41890708	0.053247947	0.5221735	0.304517	25500	-0.013025887	0.0069753863	-0.0025076773	-2.7163944e-05	1.302587	0.0012260651	0.0	4.0	106.50343704223633	120
255	0.380145	0.16650952	0.6519381	3.330669e-16	5.769231	16.647058	9.087426	31.0	3.0	0.40775844	0.12727362	0.6519381	3.330669e-16	0.40437073	0.06095991	0.51927066	0.26262778	25600	-0.012925386	0.010137059	-0.0052104536	-2.1036598e-05	1.2925382	-0.00012886518	0.0	4.0	107.09215879440308	170
256	0.4299515	0.13137795	0.63233155	0.12913927	4.375	20.15	11.314923	37.0	0.0	0.43978444	0.11595662	0.63233155	0.12913927	0.4153596	0.05539996	0.5292688	0.262169	25700	-0.01300548	0.008814224	-0.0022041616	-5.466165e-05	1.300544	0.0023257185	0.0	4.0	107.59751892089844	199
257	0.4185704	0.14542988	0.62571216	0.17480658	4.6153846	17.235294	10.994808	35.0	0.0	0.42754608	0.12461565	0.62571216	0.17480658	0.4173085	0.05665883	0.5213895	0.28417727	25800	-0.012569234	0.010273311	-0.0039143143	-0.0001049398	1.2569177	0.0014045739	0.0	4.0	108.08153033256531	208
258	0.47473246	0.13891731	0.7257769	0.32973439	5.142857	15.823529	12.142465	36.0	0.0	0.47489965	0.1374526	0.7257769	0.32973439	0.4220841	0.051434692	0.5121782	0.30894852	25900	-0.012792319	0.012236363	-0.00046875328	-0.0002688893	1.2792355	0.0003091288	0.0	4.0	108.65505623817444	175
259	0.47203678	0.12928464	0.6563356	0.30645165	4.642857	16.88889	8.543282	34.0	5.0	0.47321853	0.12579761	0.6563356	0.30645165	0.42926598	0.05241886	0.5162661	0.3454282	26000	-0.0126724765	0.010405549	-0.001515137	-0.00021935138	1.2672472	-0.00047141314	0.0	4.0	109.39554619789124	135
260	0.42039096	0.19455022	0.72192043	3.330669e-16	4.2352943	18.0	10.139033	34.0	3.0	0.45274308	0.1544099	0.72192043	3.330669e-16	0.43111125	0.05123989	0.53878295	0.34734717	26100	-0.013136432	0.012948923	-0.0026332438	-8.206291e-05	1.3136398	-0.00011593819	0.0	4.0	109.89550542831421	201
261	0.42990187	0.111416325	0.6587103	0.30142105	5.214286	20.61111	9.220382	36.0	6.0	0.45632264	0.105336435	0.6587103	0.30142105	0.43448153	0.056500703	0.533203	0.33876836	26200	-0.012725741	0.007534439	-0.0026830882	-0.00015398866	1.2725706	-0.00074649806	0.0	4.0	110.35922932624817	216
262	0.42956704	0.15455389	0.6786376	3.330669e-16	4.6875	21.631578	12.641663	37.0	0.0	0.44822153	0.12570009	0.6786376	3.330669e-16	0.44156262	0.05350512	0.54404706	0.35094213	26300	-0.012744352	0.008744562	-0.0028310888	4.2819418e-05	1.274436	0.00089566933	0.0	4.0	110.80466222763062	229
263	0.44397593	0.1724326	0.70892954	0.12136191	5.714286	15.555555	8.982837	31.0	0.0	0.46955532	0.14536455	0.70892954	0.12136191	0.44987503	0.06219454	0.5610301	0.3416118	26400	-0.012390375	0.011409483	-0.004170334	-4.733482e-05	1.2390388	-0.0009978318	0.0	4.0	111.19055938720703	260
264	0.47072273	0.14480509	0.67773885	0.29149708	4.1875	17.95	10.042285	33.0	1.0	0.4911789	0.13066305	0.67773885	0.29149708	0.45911157	0.06583333	0.5702119	0.3530147	26500	-0.012535334	0.01004526	-0.002640739	-4.6398025e-05	1.2535387	0.00037930487	0.0	4.0	111.61526846885681	236
265	0.4326663	0.17290086	0.63680965	0.030744774	5.0	21.411764	10.432183	34.0	0.0	0.45945263	0.13970987	0.63680965	0.030744774	0.46504256	0.061857082	0.56847876	0.3543634	26600	-0.012181118	0.011273268	-0.0032741372	5.7134894e-05	1.218111	0.00020989898	0.0	4.0	112.0882716178894	213
266	0.41017944	0.10361426	0.67995894	0.32861912	5.6923075	22.0	12.124355	37.0	3.0	0.42856	0.1066054	0.67995894	0.32861912	0.46742308	0.063013844	0.5689359	0.35509443	26700	-0.012273908	0.0076928567	-0.0016390178	-0.00019217317	1.2273892	-0.00062474015	0.0	4.0	112.48284363746643	255
267	0.46756667	0.1502704	0.802206	0.19565925	5.3333335	13.529411	9.732406	32.0	0.0	0.49228862	0.14498292	0.802206	0.19565925	0.4597923	0.05918632	0.569111	0.35400692	26800	-0.012529366	0.012666704	-0.001651112	9.762123e-05	1.252933	0.00081859354	0.0	4.0	112.94412159919739	218
268	0.3476832	0.142486	0.53636307	3.330669e-16	4.0625	19.35	10.992156	36.0	0.0	0.38887426	0.10094082	0.53636307	3.330669e-16	0.45145822	0.06063735	0.5543405	0.35332924	26900	-0.01263633	0.007946848	-0.0020950404	-0.0004014303	1.2636322	0.0007329965	0.0	4.0	113.38280177116394	229
269	0.4903759	0.12615663	0.6740526	0.32579407	5.0	16.166666	10.975984	34.0	1.0	0.49139383	0.12066252	0.6740526	0.32579407	0.45419067	0.05854113	0.56148976	0.35167235	27000	-0.012520205	0.009770479	-0.0022368822	0.00011084566	1.2520174	0.00016716719	0.0	4.0	113.82030391693115	229
270	0.3670718	0.13303244	0.6879404	3.330669e-16	4.6875	15.85	6.980509	27.0	3.0	0.40507182	0.12396604	0.6879404	3.330669e-16	0.43573818	0.054208476	0.5286281	0.35048681	27100	-0.012631044	0.009019844	-0.0029486045	-0.00013692607	1.2630973	-0.0009805323	0.0	4.0	114.34873414039612	189
271	0.39413172	0.18787722	0.71339685	3.330669e-16	3.9444444	16.142857	9.407624	31.0	0.0	0.44248748	0.1644297	0.71339685	3.330669e-16	0.43298352	0.05735359	0.53408265	0.3493221	27200	-0.012632281	0.013507527	-0.0023209052	6.299873e-05	1.2632332	0.00038823846	0.0	4.0	114.93487477302551	172
272	0.35616112	0.080011316	0.6173858	0.23718776	4.5	17.3	11.234323	35.0	1.0	0.3941526	0.09733137	0.6173858	0.23718776	0.431789	0.055481803	0.53472716	0.34255826	27300	-0.012360185	0.0066453787	-0.0044092815	-0.00014737772	1.2360206	-0.00088778976	0.0	4.0	115.41914439201355	208
273	0.47332892	0.18347871	0.67645216	0.0	6.4166665	18.428572	10.012238	35.0	1.0	0.42952442	0.215124	0.67645216	0.0	0.41903526	0.060244344	0.5106135	0.2978831	27400	-0.012055188	0.022499625	-0.00606123	-6.773707e-05	1.2055223	0.0041645626	0.0	4.0	115.81716775894165	252
274	0.45230234	0.17325073	0.78077835	0.005408227	4.9375	19.85	11.12778	36.0	0.0	0.468552	0.15291592	0.78077835	0.005408227	0.4201368	0.055953547	0.50349486	0.2950522	27500	-0.012479216	0.013587539	-0.0021155998	9.663624e-05	1.247918	-0.00048947334	0.0	4.0	116.24918365478516	232
275	0.47883308	0.13190283	0.6585337	0.32622492	5.076923	16.941177	10.529904	36.0	4.0	0.47617748	0.12664753	0.6585337	0.3246701	0.43096995	0.05166347	0.5251645	0.32605562	27600	-0.012368053	0.009861022	-0.0022257045	-0.00012951205	1.2368044	-7.311342e-05	0.0	4.0	116.67009902000427	238
276	0.36832798	0.15736188	0.5953702	3.330669e-16	4.2222223	18.526316	9.626544	36.0	6.0	0.39717528	0.11483647	0.5953702	3.330669e-16	0.42264342	0.050128654	0.4951807	0.32743335	27700	-0.012733705	0.0070197424	-0.002419501	8.201471e-05	1.2733704	-0.00037205458	0.0	4.0	117.078195810318	246
277	0.44439664	0.13145235	0.77767074	0.31285256	5.2	22.058823	10.45703	36.0	0.0	0.4578833	0.13050713	0.77767074	0.31285256	0.427971	0.0561906	0.5253187	0.31948546	27800	-0.012413926	0.00993811	-0.0026777945	-3.9998733e-05	1.241392	-0.00079405785	0.0	4.0	117.49475979804993	241
278	0.4042095	0.21177913	0.8129725	3.330669e-16	4.9333334	19.444445	9.673688	35.0	0.0	0.45132405	0.18187192	0.8129725	3.330669e-16	0.42596358	0.059028022	0.5320825	0.30660284	27900	-0.012406737	0.016553167	-0.0029930593	-0.000113768154	1.2406728	0.00084228755	0.0	4.0	117.89555358886719	251
279	0.44541895	0.1725816	0.65004706	0.0083416095	4.5625	18.35	11.05113	37.0	0.0	0.48232976	0.13819355	0.65004706	0.0083416095	0.43742928	0.0575896	0.5380186	0.33376884	28000	-0.012493089	0.011634814	-0.0020500068	-0.00021642866	1.2493169	-0.0002999711	0.0	4.0	118.3007640838623	248
280	0.32500714	0.17156082	0.63872004	3.330669e-16	5.214286	19.235294	9.908579	36.0	1.0	0.37952262	0.12680218	0.63872004	3.330669e-16	0.43673843	0.059935857	0.5549911	0.28637117	28100	-0.012332708	0.009992207	-0.003920017	0.00011438457	1.2332717	0.00025738956	0.0	4.0	118.70048761367798	251
281	0.40283984	0.081971	0.5638632	0.3112294	4.2941175	19.809525	12.002457	36.0	1.0	0.41838795	0.08216197	0.5638632	0.3112294	0.43735564	0.06136233	0.5482297	0.3520959	28200	-0.012575582	0.005392876	-0.0020671673	-9.837694e-05	1.2575586	0.0009566641	0.0	4.0	119.13426113128662	232
282	0.4620012	0.17068247	0.7128075	3.330669e-16	5.6153846	21.3125	8.629301	34.0	5.0	0.51643664	0.13012163	0.7128075	3.330669e-16	0.4288514	0.065020554	0.54344183	0.3011823	28300	-0.012215599	0.015633317	-0.005489897	-0.00063211337	1.2215595	-0.0026508928	0.0	4.0	119.52830386161804	255
283	0.37195647	0.11402847	0.69391274	0.18956184	5.8461537	21.470589	10.227516	37.0	1.0	0.390934	0.09324614	0.69391274	0.18956184	0.44150567	0.05585753	0.5180504	0.34683263	28400	-0.012387451	0.007080605	-0.0005682551	0.00019791652	1.2387478	-0.00070770504	0.0	4.0	120.05230212211609	191
284	0.39804426	0.20596386	0.7762361	0.02393717	4.4666667	20.052631	10.555486	37.0	1.0	0.43418863	0.16813469	0.7762361	0.02393717	0.44088772	0.054746263	0.53322417	0.34993562	28500	-0.012526188	0.014111637	-0.0015774108	-5.0215283e-05	1.2526166	0.000889926	0.0	4.0	120.648592710495	168
285	0.47417247	0.15479055	0.67592365	0.12136191	5.0	20.473684	9.922693	37.0	2.0	0.50519663	0.117595345	0.67592365	0.12136191	0.43764344	0.057863377	0.53309065	0.33189487	28600	-0.012229072	0.009552648	-0.002207543	-0.0001016102	1.2229068	0.00044774055	0.0	4.0	121.17410826683044	191
286	0.42351475	0.1262295	0.66375154	0.23642045	4.1666665	16.1	11.579723	37.0	0.0	0.44658324	0.1113939	0.66375154	0.23642045	0.4413568	0.060270306	0.54660076	0.34910828	28700	-0.012380578	0.0075989077	-0.002973664	4.708511e-05	1.2380543	0.0018596101	0.0	4.0	121.76043176651001	171
287	0.45355344	0.15917724	0.6607449	3.330669e-16	4.4375	16.210526	11.232373	37.0	0.0	0.48946497	0.12549807	0.6607449	3.330669e-16	0.44815454	0.05945596	0.5390116	0.35022593	28800	-0.012369879	0.009846864	-0.0043708086	-0.00017655024	1.2369814	-0.00021251204	0.0	4.0	122.23839998245239	211
288	0.41431502	0.19445787	0.65544915	0.0083416095	4.769231	21.058823	9.50214	35.0	0.0	0.45164603	0.1401024	0.65544915	0.0083416095	0.45780182	0.060933974	0.5542711	0.351605	28900	-0.012092045	0.0099443225	-0.0028392272	0.00010399381	1.2092049	0.0007183504	0.0	4.0	122.69542384147644	220
289	0.5238833	0.1807434	0.8479552	0.2328137	6.1538463	21.117647	10.703943	37.0	1.0	0.5305285	0.1707058	0.8479552	0.2328137	0.45733574	0.06545234	0.59063554	0.35257003	29000	-0.011893809	0.016592368	-0.00301788	-0.00029639108	1.1893861	0.00023748877	0.0	4.0	123.18337106704712	205
290	0.37563837	0.08275557	0.57990164	0.24923639	5.4615383	12.9375	11.8082	33.0	0.0	0.3983576	0.083793834	0.57990164	0.24923639	0.46485612	0.0606622	0.5568578	0.3547076	29100	-0.012169555	0.0070014745	-0.0013460228	-3.673695e-05	1.2169499	8.918046e-05	0.0	4.0	123.57495331764221	258
291	0.4761846	0.14694177	0.7226263	0.3104472	5.9166665	16.5625	11.224798	37.0	0.0	0.48466328	0.14544778	0.7226263	0.3104472	0.46790397	0.06382003	0.5622535	0.35506356	29200	-0.012027815	0.012885163	-0.0016739091	1.594075e-05	1.2027775	-0.00069024327	0.0	4.0	124.03081893920898	220
292	0.4636298	0.14007358	0.65314406	0.32927236	7.1	23.642857	9.968574	37.0	1.0	0.4693274	0.12933223	0.65314406	0.32927236	0.46429187	0.061580446	0.5559598	0.3543123	29300	-0.0116150305	0.009699438	-0.0022719149	-3.8205064e-05	1.1615008	-0.00077313185	0.0	4.0	124.51581931114197	207
293	0.5120536	0.15001835	0.7564018	0.3257841	4.785714	18.444445	11.181444	36.0	0.0	0.51055783	0.14063866	0.7564018	0.3257841	0.46169707	0.0620344	0.5655879	0.35381466	29400	-0.01206027	0.0120574925	-0.0028456133	-1.0858988e-05	1.2060299	-4.4205168e-05	0.0	4.0	124.97030806541443	222
294	0.47422102	0.12262619	0.63284284	0.32148224	5.0	14.588235	10.454714	33.0	1.0	0.48246837	0.11469561	0.63284284	0.32148224	0.4590193	0.062487528	0.56427205	0.35454732	29500	-0.012007229	0.008410053	-0.0025503663	-2.209167e-05	1.2007174	-0.00018517728	0.0	4.0	125.38771605491638	242
295	0.5225207	0.14650421	0.825237	0.3335191	4.866667	21.833334	10.489412	37.0	1.0	0.5139472	0.14169164	0.825237	0.3335191	0.46070436	0.05980751	0.54626346	0.35593873	29600	-0.012279242	0.012924311	-0.0057781264	-0.00010251487	1.2279269	0.00030281782	0.0	4.0	125.90832829475403	192
296	0.41324282	0.15675147	0.686029	3.330669e-16	4.5	22.45	9.992372	37.0	4.0	0.44987193	0.14050208	0.686029	3.330669e-16	0.46217364	0.06441525	0.57898873	0.35811186	29700	-0.012082025	0.010504323	-0.0025701225	2.9050512e-05	1.2082018	-0.0031461068	0.0	4.0	126.4173629283905	197
297	0.42407486	0.112615585	0.64816153	0.31634507	4.625	21.263159	9.650973	36.0	0.0	0.4296557	0.1068089	0.64816153	0.31634507	0.46092522	0.059858657	0.5693537	0.3594747	29800	-0.012429386	0.0068076993	-0.002269283	-0.00024477963	1.2429395	0.0008432722	0.0	4.0	126.98188805580139	178
298	0.40585607	0.08992768	0.5902091	0.23295537	5.0	15.529411	11.601813	37.0	0.0	0.41516057	0.085472	0.5902091	0.23295537	0.4473786	0.059004046	0.5611099	0.3353464	29900	-0.012291402	0.005023095	-0.0016676234	-0.00037603837	1.2291455	0.0011464786	0.0	4.0	127.48160362243652	202
299	0.4030536	0.19667977	0.7397735	0.022133987	4.5882354	20.2	8.829496	34.0	2.0	0.43976688	0.1642009	0.7397735	0.022133987	0.4403025	0.062482398	0.55065596	0.3239353	30000	-0.0124188345	0.013243301	-0.0019320389	1.6719569e-06	1.2418861	-0.0007499147	0.0	4.0	128.1086597442627	160
