Epoch	AverageEpRet	StdEpRet	MaxEpRet	MinEpRet	EpLen	AverageAct	StdAct	MaxAct	MinAct	AverageRetBuf	StdRetBuf	MaxRetBuf	MinRetBuf	AverageVVals	StdVVals	MaxVVals	MinVVals	TotalEnvInteracts	LossPi	LossV	DeltaLossPi	DeltaLossV	Entropy	KL	ClipFrac	StopIter	Time	FPS
0	0.29519013	0.22347914	0.6903145	-0.0005384506	4.117647	18.6	11.177656	36.0	3.0	0.2508356	0.2480287	0.6903145	-0.050268944	-0.019435648	0.02092876	0.048240773	-0.06725869	100	-0.017520353	0.06648323	-0.0022659749	-0.0016634255	1.752029	0.00015626909	0.0	4.0	0.3690176010131836	270
1	0.32372677	0.17401536	0.626045	0.0	5.5384617	18.529411	9.555519	33.0	0.0	0.27515548	0.22019394	0.626045	-0.05642315	-0.008308332	0.020483159	0.05021295	-0.06025984	200	-0.017576247	0.06479597	-0.00118866	-0.0018381113	1.757619	0.00017243864	0.0	4.0	0.7120318412780762	293
2	0.25198743	0.18220223	0.5691178	-0.0121568525	4.6	20.0	10.841098	37.0	1.0	0.24513926	0.19726536	0.5691178	-0.0121568525	0.0009847034	0.023986882	0.06031764	-0.04910787	300	-0.017576355	0.048249703	-0.0010689981	-0.001558525	1.7576357	-6.055832e-05	0.0	4.0	1.104832649230957	255
3	0.29007968	0.23259392	0.6721905	0.0	4.733333	19.894737	11.831692	37.0	1.0	0.2594941	0.2399534	0.6721905	-0.03330097	0.0044760345	0.021719757	0.06637806	-0.0578975	400	-0.017541274	0.06063049	-0.001048293	-0.0015871008	1.754112	0.000120053286	0.0	4.0	1.4926598072052002	259
4	0.2609681	0.1661211	0.60490453	0.0	5.230769	18.0	13.397761	37.0	0.0	0.18954115	0.17805927	0.60490453	-0.007275382	0.013920202	0.021058487	0.06615389	-0.043161873	500	-0.017595787	0.03071575	-0.0011071041	-0.0010162464	1.7595911	-3.862384e-06	0.0	4.0	1.8807494640350342	259
5	0.28924862	0.1943348	0.58176404	0.0	7.7777777	22.23077	10.906271	35.0	3.0	0.18608643	0.20744585	0.58176404	0.0	0.024829127	0.02476276	0.09976902	-0.023575835	600	-0.017649516	0.03441802	-0.001136655	-0.00085720187	1.7649547	0.0004954481	0.0	4.0	2.1873419284820557	328
6	0.20946594	0.20957142	0.6015793	-0.055416793	4.214286	18.117647	11.955222	35.0	0.0	0.16311945	0.2075277	0.6015793	-0.055416793	0.026204152	0.020542162	0.07927792	-0.019099884	700	-0.017576545	0.031145494	-0.00081584207	-0.00063042215	1.7576559	-4.9123762e-05	0.0	4.0	2.572805166244507	260
7	0.19578375	0.18147537	0.6388877	0.0	3.5333333	14.222222	9.216866	31.0	0.0	0.14272392	0.17500514	0.6388877	0.0	0.03764238	0.025993485	0.1012904	-0.02332874	800	-0.017558437	0.022429958	-0.0008488558	-0.0004218783	1.7558403	0.00016515255	0.0	4.0	2.9333813190460205	279
8	0.2601873	0.12706587	0.4409771	0.0	6.0833335	15.625	9.518896	32.0	0.0	0.21596682	0.16255952	0.4409771	0.0	0.040697075	0.022867557	0.09836041	-0.0025088377	900	-0.017593369	0.029206742	-0.0010415222	-0.00076606893	1.7593443	-0.00011004448	0.0	4.0	3.292935371398926	279
9	0.30525827	0.17708883	0.6575767	0.041973166	4.714286	15.888889	9.688992	36.0	0.0	0.29389206	0.18665297	0.6575767	0.034731057	0.044202276	0.021196723	0.104307234	0.0010761963	1000	-0.017558722	0.04839164	-0.0012994353	-0.001371298	1.7558706	0.00014651775	0.0	4.0	3.6809194087982178	259
10	0.1552981	0.18706791	0.5316628	0.0	3.75	21.458334	9.591573	37.0	3.0	0.14863162	0.20082173	0.5316628	0.0	0.052787457	0.025791556	0.120995395	-0.002251397	1100	-0.017448723	0.025392417	-0.00077257305	-0.0004545381	1.7448741	-2.3221975e-05	0.0	4.0	4.259174823760986	173
11	0.18704222	0.17150813	0.5997667	0.0	3.8333333	18.0	10.917043	35.0	2.0	0.18453084	0.17307572	0.5997667	0.0	0.058612756	0.022976734	0.12040678	0.017789142	1200	-0.017486542	0.022195727	-0.0005332753	-0.0005383524	1.7486533	2.527237e-05	0.0	4.0	4.701965093612671	227
12	0.23988208	0.21090722	0.6535953	0.0	4.2941175	17.428572	8.920663	34.0	0.0	0.21195902	0.22157317	0.6535953	0.0	0.06282079	0.026656823	0.14870475	0.007629388	1300	-0.017503366	0.0360062	-0.00080090016	-0.00063039106	1.7503443	0.00021051883	0.0	4.0	5.1413185596466064	229
13	0.16772452	0.2012313	0.61292446	0.0	7.7	19.285715	8.589268	30.0	6.0	0.10090554	0.15192601	0.61292446	0.0	0.07418234	0.024843577	0.15414576	0.03632193	1400	-0.017629966	0.012940482	-0.0009628497	-6.544712e-05	1.7629987	0.0006833982	0.0	4.0	5.601732015609741	219
14	0.25339553	0.20400035	0.651963	-0.052794356	4.2941175	17.904762	9.874955	33.0	0.0	0.32116795	0.23416476	0.651963	-0.052794356	0.07177534	0.026623098	0.12899727	0.01338915	1500	-0.017502338	0.05665239	-0.0005893782	-0.0010889845	1.7502372	-1.7404673e-06	0.0	4.0	6.0799784660339355	210
15	0.3467845	0.2009887	0.6313565	3.330669e-16	6.1666665	15.133333	10.563249	35.0	0.0	0.31768116	0.21247606	0.6313565	3.330669e-16	0.081055425	0.024496576	0.1295948	0.03309452	1600	-0.0176114	0.05045256	-0.0008896068	-0.0014240092	1.7611393	0.0003358269	0.0	4.0	6.502560377120972	237
16	0.18074676	0.18273869	0.61905724	0.0	6.8	13.642858	9.85326	34.0	1.0	0.11383674	0.13859902	0.61905724	0.0	0.09141908	0.027738728	0.16322002	0.046960652	1700	-0.017628804	0.010735668	-0.0006090626	-4.3483276e-05	1.7628776	0.00040488722	0.0	4.0	6.935854196548462	233
17	0.31314203	0.21860231	0.67076313	-0.009556944	5.6153846	14.266666	10.748437	37.0	1.0	0.35763213	0.21740589	0.67076313	-0.009556944	0.09633817	0.027530704	0.17751935	0.03543115	1800	-0.017609295	0.056546286	-0.00074435305	-0.0014251685	1.7609301	-8.192059e-06	0.0	4.0	7.345015287399292	247
18	0.29848087	0.17590061	0.61437446	0.011452134	4.625	19.055555	12.571892	36.0	1.0	0.33868825	0.16552503	0.61437446	0.011452134	0.092725046	0.025417244	0.16940886	0.049945246	1900	-0.01755286	0.043034486	-0.00088171056	-0.001663873	1.7553017	0.00029024604	0.0	4.0	7.724914073944092	264
19	0.18176715	0.14595765	0.34919313	0.0	3.631579	20.90909	12.372657	37.0	1.0	0.17018548	0.1416359	0.34919313	0.0	0.09979489	0.02875996	0.17535017	0.055152256	2000	-0.01748136	0.013422808	-0.0007082503	-0.00034374348	1.7481334	8.244515e-05	0.0	4.0	8.15138840675354	235
20	0.27923736	0.21402295	0.7045191	3.330669e-16	4.133333	19.842106	10.707908	36.0	0.0	0.30713633	0.17544815	0.7045191	3.330669e-16	0.11687725	0.034576498	0.18537748	0.05719626	2100	-0.017534778	0.033399507	-0.0006892085	-0.0010870683	1.7534859	-0.00048110483	0.0	4.0	8.58669114112854	230
21	0.25666437	0.26062343	0.8991497	-0.019096361	4.4666667	13.277778	7.3090925	28.0	0.0	0.3080834	0.29562372	0.8991497	-0.019096361	0.12718554	0.03664919	0.21223322	0.07465615	2200	-0.017554188	0.05882359	-0.0007369295	-0.0011345749	1.7554142	-0.0002360821	0.0	4.0	8.969506740570068	262
22	0.31043306	0.22200416	0.67532367	0.0	5.714286	22.38889	11.18103	36.0	3.0	0.31576875	0.220542	0.67532367	0.0	0.13152614	0.036452323	0.21585943	0.07897117	2300	-0.017551541	0.04239005	-0.0010933839	-0.0012168293	1.7551568	-6.372451e-05	0.0	4.0	9.319775342941284	287
23	0.30784315	0.23430748	0.64512914	2.220446e-16	4.0588236	15.666667	9.377447	33.0	0.0	0.33446255	0.20686984	0.64512914	2.220446e-16	0.13743606	0.04024008	0.21404448	0.06687097	2400	-0.017498363	0.039111625	-0.000889156	-0.0012719547	1.74983	-0.00031873706	0.0	4.0	9.740015745162964	239
24	0.31597358	0.22156693	0.6410358	-0.057013154	4.866667	20.789474	9.378469	37.0	3.0	0.32359836	0.22942749	0.6410358	-0.057013154	0.14237697	0.040316597	0.23348968	0.073347956	2500	-0.01753071	0.041929137	-0.0011224151	-0.001222895	1.7530742	-0.00049276353	0.0	4.0	10.145561933517456	247
25	0.2701153	0.18511376	0.6654449	-0.04859343	3.8947368	19.0	10.802576	37.0	0.0	0.29143503	0.16257524	0.6654449	-0.04859343	0.14689879	0.038853098	0.23221397	0.08786516	2600	-0.017459214	0.023126617	-0.0007035639	-0.00088669267	1.745923	-0.00011549948	0.0	4.0	10.610949039459229	216
26	0.33312386	0.22424993	0.6230627	3.330669e-16	5.3076925	19.8125	10.131749	34.0	3.0	0.3740074	0.19715497	0.6230627	3.330669e-16	0.16082619	0.042943824	0.24658374	0.08978903	2700	-0.017584547	0.040283993	-0.0011695153	-0.0014684768	1.7584512	-0.00044205188	0.0	4.0	11.00153398513794	258
27	0.20334907	0.22908399	0.65747875	0.0	3.8235295	19.095238	12.122018	37.0	0.0	0.2431837	0.23874453	0.65747875	0.0	0.16468829	0.041399125	0.25527444	0.10195857	2800	-0.017494626	0.031123305	-0.00092962664	-0.00048236118	1.7494638	0.00039408685	0.0	4.0	11.37455415725708	269
28	0.282667	0.21593489	0.64236665	0.0	6.0	13.6875	9.511301	36.0	1.0	0.30201578	0.19276676	0.64236665	0.0	0.1863586	0.046751656	0.2715092	0.1061371	2900	-0.01758328	0.024731565	-0.0007563401	-0.00060216454	1.7583257	-0.00017939566	0.0	4.0	11.758062362670898	262
29	0.29711786	0.19598037	0.6237107	3.330669e-16	5.3333335	20.0625	9.256543	34.0	3.0	0.32455355	0.17277962	0.6237107	3.330669e-16	0.18838161	0.04350719	0.25500172	0.10979821	3000	-0.017582089	0.02381315	-0.0005848687	-0.0007614845	1.7582133	-9.022714e-05	0.0	4.0	12.12675929069519	272
30	0.2519244	0.17455438	0.5524694	0.0	6.7272725	13.266666	9.922813	31.0	1.0	0.2581847	0.17246602	0.5524694	0.0	0.1972121	0.047408305	0.27990487	0.11347656	3100	-0.017601117	0.016506486	-0.000750836	-0.0002812897	1.7601147	-0.00025943757	0.0	4.0	12.461998701095581	300
31	0.32484993	0.23475128	0.70316637	0.0	5.1538463	16.82353	8.672033	31.0	2.0	0.32226145	0.22381628	0.70316637	0.0	0.20408182	0.051932715	0.30009168	0.11672626	3200	-0.017563358	0.032236267	-0.0011152439	-0.0005291067	1.7563337	0.00037030218	0.0	4.0	12.820663452148438	280
32	0.3730191	0.20527107	0.64895105	0.0	7.2727275	12.692307	8.470625	32.0	0.0	0.36869264	0.19924246	0.64895105	0.0	0.21941857	0.050194126	0.28866103	0.11987063	3300	-0.017633453	0.032008626	-0.0008546263	-0.0007987474	1.7633369	0.00011668682	0.0	4.0	13.160144567489624	296
33	0.24073581	0.18262984	0.5323168	3.330669e-16	5.5	13.1875	10.4476	35.0	0.0	0.31127706	0.14920644	0.5323168	3.330669e-16	0.22048503	0.056856304	0.32211497	0.12343353	3400	-0.017578885	0.0137850735	-0.0007142555	-0.0005115174	1.7578909	-0.00018529894	0.0	4.0	13.665056228637695	198
34	0.23558643	0.19552669	0.5563887	3.330669e-16	3.6111112	16.095238	12.10236	37.0	1.0	0.3059205	0.17322597	0.5563887	3.330669e-16	0.20940708	0.054967593	0.32072943	0.12696823	3500	-0.01748798	0.017789505	-0.00086328946	-0.0004941679	1.7488033	0.00025675772	0.0	4.0	14.159131288528442	204
35	0.20504065	0.21380903	0.564252	0.0	6.5	14.125	9.930225	36.0	0.0	0.1764449	0.20048903	0.564252	0.0	0.22747181	0.057037026	0.31898335	0.13029258	3600	-0.017577603	0.024955293	-0.0006276779	0.00024094433	1.7577603	0.00016449452	0.0	4.0	14.569240808486938	245
36	0.22224733	0.1759236	0.57752967	3.330669e-16	3.3333333	14.909091	10.912499	35.0	0.0	0.23827896	0.15047807	0.57752967	3.330669e-16	0.21179457	0.05481812	0.3127752	0.13218619	3700	-0.017469458	0.012079131	-0.0011566533	-3.842055e-05	1.7469492	0.0002815008	0.0	4.0	14.973256587982178	249
37	0.29201704	0.20754153	0.61258066	0.0	4.529412	18.25	12.099071	36.0	0.0	0.31756377	0.21290515	0.61258066	0.0	0.2327966	0.06341396	0.33110988	0.13320969	3800	-0.017503291	0.027218996	-0.00062100217	-0.00014084158	1.7503319	-0.00021394729	0.0	4.0	15.376281499862671	249
38	0.27145314	0.19058402	0.66660124	3.330669e-16	3.1111112	15.681818	11.717843	34.0	0.0	0.34471253	0.17346992	0.66660124	3.330669e-16	0.22379561	0.060123343	0.3409532	0.13459356	3900	-0.017468765	0.021708395	-0.0006766077	-0.0003585904	1.7468808	6.5541266e-05	0.0	4.0	15.802684545516968	237
39	0.39516225	0.19751894	0.7264937	3.330669e-16	5.142857	18.3125	12.1074295	37.0	1.0	0.42214343	0.15071528	0.7264937	3.330669e-16	0.23993102	0.059538975	0.3477333	0.13682275	4000	-0.017570607	0.027458724	-0.0006536506	-0.0009237239	1.7570658	-0.00010893345	0.0	4.0	16.25733184814453	220
40	0.23396318	0.22456536	0.6210466	-0.12522301	5.214286	20.235294	11.15943	35.0	3.0	0.25696364	0.1977067	0.6210466	-0.12522301	0.24033637	0.061263353	0.35390946	0.14034249	4100	-0.017552316	0.021381725	-0.0005812254	4.5401976e-06	1.755233	0.00053574564	0.0	4.0	16.65655755996704	252
41	0.38437983	0.15538664	0.6794374	0.0	4.733333	17.68421	11.516818	35.0	2.0	0.3341185	0.17719583	0.6794374	0.0	0.24782604	0.06795811	0.38140655	0.14341654	4200	-0.017515242	0.024973504	-0.00061958656	-0.00022319355	1.751516	-0.00016594886	0.0	4.0	17.06094789505005	248
42	0.3278103	0.22268546	0.618335	0.0	7.0	18.23077	9.978083	37.0	3.0	0.30958584	0.22136466	0.618335	0.0	0.27667895	0.0669949	0.3702778	0.14596759	4300	-0.017622575	0.027550256	-0.0012352094	-6.903405e-05	1.7622561	0.00011995793	0.0	4.0	17.471401929855347	244
43	0.32845312	0.1929235	0.6643832	3.330669e-16	4.4615383	16.0625	9.743387	34.0	2.0	0.36805475	0.13961904	0.6643832	3.330669e-16	0.26889673	0.06893309	0.37736183	0.14810385	4400	-0.017567463	0.015256037	-0.00084231887	-0.00029328023	1.7567492	-4.179001e-05	0.0	4.0	18.071203231811523	169
44	0.3567954	0.22365418	0.760899	0.0	5.4	21.882353	12.237273	37.0	0.0	0.37901324	0.2534185	0.760899	0.0	0.26537108	0.06523885	0.3613032	0.15041943	4500	-0.01754935	0.038525365	-0.00090712495	-0.00044660317	1.7549387	4.9667346e-05	0.0	4.0	18.545035123825073	213
45	0.22022785	0.22066788	0.6770906	-0.004903076	4.8	20.166666	11.402972	37.0	1.0	0.23230135	0.23921585	0.6770906	-0.004903076	0.27504802	0.07523826	0.38224602	0.1533423	4600	-0.017529547	0.03356526	-0.001002267	0.00015248917	1.7529509	0.00025101186	0.0	4.0	18.868847370147705	310
46	0.32162538	0.2023125	0.7020009	0.0	4.8	18.61111	11.944961	37.0	0.0	0.37947688	0.16132133	0.7020009	0.0	0.2768635	0.07430029	0.3931991	0.15516007	4700	-0.017529324	0.018137932	-0.00084278965	-0.00021663401	1.7529345	0.00011287212	0.0	4.0	19.248913288116455	264
47	0.31780875	0.21543926	0.62544197	3.330669e-16	5.5384617	12.3529415	8.608759	33.0	0.0	0.3752629	0.16567235	0.62544197	3.330669e-16	0.2794615	0.0722577	0.41592017	0.15692295	4800	-0.01754582	0.017621594	-0.0010556523	-0.0003318441	1.7545793	0.00012871267	0.0	4.0	19.600422859191895	286
48	0.36440352	0.21007697	0.7211489	-0.095045656	4.0555553	17.90909	11.216502	36.0	1.0	0.36582342	0.20515399	0.7211489	-0.095045656	0.26432288	0.06990468	0.38210353	0.15946087	4900	-0.017457426	0.02721132	-0.0011283113	-0.00035673368	1.7457392	0.00044324872	0.0	4.0	19.967390537261963	274
49	0.20593224	0.19732472	0.5132199	0.0	4.857143	17.294117	9.892152	34.0	0.0	0.25245005	0.18537784	0.5132199	0.0	0.281977	0.06932894	0.39956114	0.16243446	5000	-0.017541237	0.019605055	-0.0011690948	0.00011508213	1.7541249	-0.00045794965	0.0	4.0	20.46751117706299	200
50	0.28077874	0.20425247	0.6582776	-0.019538488	3.8125	15.4	10.683632	34.0	1.0	0.33471888	0.1830213	0.6582776	-0.019538488	0.28154713	0.074695766	0.39309424	0.16435832	5100	-0.017484449	0.017642483	-0.0015606335	-9.727373e-05	1.7484457	0.00038652896	0.0	4.0	20.932132482528687	216
51	0.26247668	0.16800585	0.63300264	3.330669e-16	3.45	20.75	12.397077	37.0	0.0	0.28176525	0.15707989	0.63300264	3.330669e-16	0.26635915	0.06653875	0.39386082	0.16579503	5200	-0.017411843	0.014162746	-0.001950985	-1.7262297e-05	1.7411813	0.00048117165	0.0	4.0	21.60012197494507	150
52	0.35491663	0.14267755	0.5433862	3.330669e-16	6.5	18.461538	8.110918	33.0	6.0	0.36758527	0.09774685	0.5433862	3.330669e-16	0.30744913	0.070053965	0.41296858	0.16702145	5300	-0.017596442	0.008302906	-0.00035860017	-9.0376474e-05	1.7596416	-8.761406e-05	0.0	4.0	22.12567949295044	191
53	0.22454055	0.14952615	0.4368622	0.0	4.3333335	15.222222	11.409331	37.0	1.0	0.25401315	0.15497318	0.4368622	0.0	0.29978722	0.07680062	0.41704905	0.16840953	5400	-0.017507553	0.014409667	-0.0006812904	2.657948e-05	1.7507552	-0.00032466414	0.0	4.0	22.672019958496094	184
54	0.24493513	0.16634122	0.54115605	0.005408227	3.6470587	16.25	9.443913	34.0	1.0	0.3008089	0.14719108	0.54115605	0.005408227	0.29069903	0.074396394	0.40154937	0.16900209	5500	-0.01747176	0.010771099	-0.0014985092	-1.3679033e-05	1.7471759	0.00034550187	0.0	4.0	23.12395930290222	222
55	0.28122473	0.1808756	0.5890279	-0.054117847	4.928571	16.722221	9.717141	37.0	0.0	0.2943645	0.16257037	0.5890279	-0.054117847	0.2941243	0.07351542	0.40881777	0.16910659	5600	-0.017504536	0.015867798	-0.0010517985	-3.8515544e-05	1.7504549	0.00013168811	0.0	4.0	23.478378534317017	283
56	0.24121097	0.21222585	0.63712615	0.0	5.3846154	16.25	10.316855	36.0	1.0	0.29420125	0.20952898	0.63712615	0.0	0.30183113	0.073961616	0.43171874	0.16912022	5700	-0.017530978	0.021235961	-0.0012778831	-2.9508257e-05	1.7530904	0.00044469355	0.0	4.0	23.86776638031006	259
57	0.33834943	0.16897756	0.53173757	0.0	5.214286	19.1875	11.833315	37.0	0.0	0.3252506	0.17250995	0.53173757	0.0	0.30032468	0.073466666	0.4179314	0.16897443	5800	-0.01753077	0.018815765	-0.00077284314	-2.4995417e-05	1.753072	-0.0003658533	0.0	4.0	24.264716863632202	253
58	0.20677784	0.15824844	0.46342415	-0.05202346	3.875	20.15	12.503099	37.0	2.0	0.26904583	0.14543614	0.46342415	-0.05202346	0.28279528	0.07284876	0.40302792	0.16903736	5900	-0.017459631	0.011211104	-0.0011210181	-2.0754058e-05	1.7459664	0.0003382778	0.0	4.0	24.628723859786987	276
59	0.30502424	0.19072011	0.6287464	3.330669e-16	4.133333	18.157894	11.19334	36.0	3.0	0.36482346	0.16710484	0.6287464	3.330669e-16	0.28271466	0.069776505	0.40392798	0.16895321	6000	-0.017471611	0.016848441	-0.0012102947	-6.301585e-05	1.7471607	0.00021369934	0.0	4.0	24.983547925949097	283
60	0.37425417	0.16846694	0.7283184	0.02497955	4.5333333	15.210526	10.410415	36.0	1.0	0.40223244	0.15115231	0.7283184	0.02497955	0.29115975	0.07099803	0.39597246	0.16968895	6100	-0.017471105	0.017264098	-0.0010965206	-0.00029450306	1.7471144	-0.00013766291	0.0	4.0	25.36133098602295	266
61	0.22984238	0.22329122	0.66073686	0.0	6.090909	21.2	10.839434	37.0	3.0	0.25679022	0.21216787	0.66073686	0.0	0.30814862	0.076355696	0.43302077	0.1718777	6200	-0.017530307	0.027145442	-0.00036940724	8.8441186e-05	1.7530293	-0.00030297757	0.0	4.0	25.692328453063965	305
62	0.27431896	0.20039661	0.78182226	-0.011809524	4.866667	21.055555	12.760495	36.0	0.0	0.30124986	0.22665134	0.78182226	-0.011809524	0.30368936	0.07710744	0.4120839	0.17310137	6300	-0.017479539	0.027467448	-0.0006883908	-5.3974334e-05	1.7479546	0.00027706622	0.0	4.0	26.08589267730713	255
63	0.34797376	0.16085027	0.5921957	2.220446e-16	5.4615383	18.294117	12.4558735	37.0	2.0	0.3837821	0.12956776	0.5921957	2.220446e-16	0.30280292	0.07256368	0.42556903	0.17329586	6400	-0.01749713	0.012730993	-0.00076094386	-6.302027e-05	1.749722	1.52349385e-05	0.0	4.0	26.42077350616455	300
64	0.24602646	0.14702752	0.42914224	-0.0126868365	3.7058823	16.809525	10.847949	34.0	0.0	0.2996116	0.121747315	0.42914224	-0.0126868365	0.28897902	0.0737804	0.40457898	0.17427152	6500	-0.017428122	0.0076312916	-0.0013689585	-7.568393e-06	1.7428153	0.000104799255	0.0	4.0	26.80011010169983	265
65	0.27293867	0.1968785	0.6138	0.0	5.3846154	18.17647	11.120914	37.0	3.0	0.30195048	0.18204717	0.6138	0.0	0.30101871	0.07044645	0.4009023	0.175451	6600	-0.017493159	0.0182373	-0.0011713989	-9.970972e-07	1.7493142	0.00021689414	0.0	4.0	27.141051292419434	295
66	0.27941436	0.14766228	0.6219247	3.330669e-16	4.3333335	20.38889	9.73618	33.0	4.0	0.30851218	0.13023356	0.6219247	3.330669e-16	0.29799882	0.07238615	0.43533146	0.17612088	6700	-0.017471656	0.010046969	-0.0013346598	-7.2345138e-06	1.7471596	0.0002147627	0.0	4.0	27.542120218276978	251
67	0.3472419	0.24311994	0.69900477	0.0	5.0	18.88889	10.851978	36.0	1.0	0.3762106	0.23833153	0.69900477	0.0	0.30879807	0.0802003	0.42662102	0.17657182	6800	-0.017468475	0.03351812	-0.0010022148	-9.461306e-05	1.7468445	-4.1046136e-05	0.0	4.0	27.973146200180054	235
68	0.27239016	0.24999395	0.61991996	0.0	6.3636365	20.4	11.288932	36.0	3.0	0.28894955	0.23520239	0.61991996	0.0	0.3175586	0.07575894	0.43399063	0.17761473	6900	-0.017511427	0.030849427	-0.0005436763	3.7020072e-06	1.7511455	-0.00020215986	0.0	4.0	28.49683690071106	191
69	0.25478244	0.18742517	0.5846288	3.330669e-16	3.6666667	21.0	11.855186	37.0	1.0	0.36695454	0.16585629	0.5846288	3.330669e-16	0.2986764	0.079450585	0.4289788	0.17818281	7000	-0.017390981	0.012026223	-0.0009618306	-6.127963e-05	1.7390938	0.00027555943	0.0	4.0	29.18121600151062	148
70	0.20252073	0.16960534	0.48189434	0.0	6.5	18.733334	10.629936	37.0	4.0	0.19506109	0.18350734	0.48189434	0.0	0.32179016	0.074331656	0.42171752	0.1791397	7100	-0.01749809	0.029897878	-0.00048439577	-0.0003202462	1.7498116	-0.00021344186	0.0	4.0	29.705389261245728	191
71	0.34171623	0.19526507	0.6344467	0.0	4.0	20.0	11.304867	37.0	2.0	0.33777544	0.20140311	0.6344467	0.0	0.3016939	0.07994562	0.42694017	0.1783498	7200	-0.017420009	0.024239507	-0.0009025559	-6.4941123e-06	1.7419972	-1.2507415e-05	0.0	4.0	30.253538370132446	183
72	0.30355975	0.18036997	0.6234251	3.330669e-16	3.7142856	17.5	10.494707	36.0	5.0	0.3710973	0.13342598	0.6234251	3.330669e-16	0.30130088	0.073688634	0.41904724	0.17725801	7300	-0.01745186	0.01152887	-0.0010223072	-1.8747407e-05	1.7451866	-0.00036994458	0.0	4.0	30.650577783584595	255
73	0.23462024	0.2143052	0.6478973	-0.057013154	4.5333333	18.473684	9.555205	36.0	5.0	0.22783048	0.20667244	0.6478973	-0.057013154	0.30043757	0.07469328	0.4227161	0.17772202	7400	-0.017428994	0.029581076	-0.0008466095	-0.0001410991	1.7429018	9.636402e-05	0.0	4.0	31.017226934432983	274
74	0.32257953	0.16591781	0.64189583	3.330669e-16	3.9375	20.473684	9.4777775	37.0	4.0	0.3546783	0.11744878	0.64189583	3.330669e-16	0.29548138	0.07283422	0.43221992	0.17738089	7500	-0.017430753	0.0105172135	-0.0009329915	2.5539077e-05	1.7430786	-2.7432441e-05	0.0	4.0	31.366982460021973	287
75	0.23668745	0.2511307	0.6608991	0.0	8.125	17.75	10.8714075	35.0	0.0	0.21683714	0.22143193	0.6608991	0.0	0.32117254	0.07029975	0.41675755	0.17723894	7600	-0.017533064	0.035099223	-0.000710682	-0.00042563956	1.7533027	0.00026399613	0.0	4.0	31.664035320281982	338
76	0.39213058	0.21181442	0.7442299	0.0	5.357143	16.777779	11.053183	36.0	1.0	0.39374653	0.22223952	0.7442299	0.0	0.29500863	0.06974669	0.406816	0.17599595	7700	-0.01743409	0.031598262	-0.00075851753	0.000105643645	1.7434078	-6.652356e-05	0.0	4.0	32.0189745426178	283
77	0.27273348	0.15903619	0.5119745	0.0	4.5	23.0	11.708971	37.0	1.0	0.2787564	0.1705524	0.5119745	0.0	0.28674075	0.069180004	0.39179355	0.1756399	7800	-0.01740003	0.016395116	-0.00078045856	-3.8289756e-05	1.7400026	-0.00028087618	0.0	4.0	32.42978119850159	244
78	0.27536172	0.19830209	0.58985776	0.0	5.4615383	22.705883	10.598361	37.0	5.0	0.29988316	0.18266852	0.58985776	0.0	0.3013935	0.07035635	0.4031481	0.17593896	7900	-0.01743856	0.017870486	-0.000822179	-3.7760008e-05	1.7438545	0.00036303044	0.0	4.0	32.804768323898315	268
79	0.28957638	0.20273095	0.6625418	3.330669e-16	3.0	20.458334	10.428244	37.0	0.0	0.35087347	0.17764096	0.6625418	3.330669e-16	0.26730752	0.06572686	0.41771066	0.17591865	8000	-0.01732995	0.016857069	-0.00093737245	-7.245096e-05	1.7329936	-0.0003096104	0.0	4.0	33.23700523376465	232
80	0.39106694	0.17354658	0.651649	3.330669e-16	6.181818	21.866667	9.851339	35.0	4.0	0.39584464	0.12942094	0.651649	3.330669e-16	0.3007058	0.064311504	0.39161512	0.17690545	8100	-0.017465267	0.014196742	-0.0011602379	-0.0002897969	1.7465307	-8.278847e-05	0.0	4.0	33.63130021095276	254
81	0.42506626	0.20582137	0.80738425	0.011403275	5.5454545	21.666666	9.421017	37.0	0.0	0.4301769	0.16960463	0.80738425	0.011403275	0.31203014	0.07071718	0.40622082	0.17931941	8200	-0.017458886	0.02167451	-0.00084659085	-0.0005886608	1.745886	-0.0005049753	0.0	4.0	33.986987352371216	284
82	0.2575823	0.21669735	0.6608944	0.0	5.7272725	19.0	10.838204	35.0	2.0	0.29996338	0.19062161	0.6608944	0.0	0.30850175	0.070328064	0.40604368	0.18298452	8300	-0.01745154	0.019397052	-0.0006299354	9.607931e-05	1.7451559	0.00045606136	0.0	4.0	34.29965400695801	321
83	0.31708413	0.23009558	0.71663696	0.0	3.8947368	20.954546	10.14207	36.0	2.0	0.3208392	0.23163769	0.71663696	0.0	0.305149	0.08050692	0.44137165	0.18580167	8400	-0.01733993	0.030937228	-0.00064532924	-3.2645185e-05	1.7339884	-8.852004e-05	0.0	4.0	34.73251008987427	232
84	0.3103461	0.14950126	0.5176443	3.330669e-16	3.857143	13.176471	8.746329	31.0	0.0	0.34790498	0.1082943	0.5176443	3.330669e-16	0.31255543	0.07236911	0.43017146	0.18741539	8500	-0.01741977	0.0071264794	-0.00087392144	-4.3029664e-05	1.7419801	0.00038022042	0.0	4.0	35.12442088127136	256
85	0.35962784	0.20092535	0.6596248	0.024964226	5.1538463	18.5625	13.0813265	37.0	1.0	0.36362243	0.16427812	0.6596248	0.024964226	0.318912	0.07053778	0.42387044	0.18883954	8600	-0.017432999	0.015610057	-0.0010732389	-6.286544e-05	1.7433	0.00037311553	0.0	4.0	35.48638987541199	277
86	0.29677472	0.22420397	0.67330384	0.0	6.1538463	17.2	14.260435	37.0	1.0	0.24962918	0.21672592	0.67330384	0.0	0.32876244	0.07123078	0.424534	0.19047248	8700	-0.017433941	0.031689003	-0.0009804666	-0.000114291906	1.7433944	-0.00012534618	0.0	4.0	35.90864658355713	244
87	0.32596105	0.18450145	0.6509726	3.330669e-16	4.4375	16.789474	11.190123	34.0	0.0	0.373268	0.1395596	0.6509726	3.330669e-16	0.31420746	0.07463944	0.42865464	0.19043972	8800	-0.017369656	0.011508466	-0.0010458026	2.4049426e-05	1.7369667	-3.9920807e-05	0.0	4.0	36.32192420959473	243
88	0.24492848	0.17418668	0.64307797	3.330669e-16	3.4210527	17.136364	11.222118	36.0	0.0	0.2920281	0.1366862	0.64307797	3.330669e-16	0.30438834	0.07491521	0.42783332	0.19048373	8900	-0.01730913	0.009462301	-0.0014734142	-1.4748424e-05	1.7309117	0.000604105	0.0	4.0	36.772953510284424	222
89	0.31016946	0.17584428	0.70158327	0.0	4.1764708	14.631579	10.36802	35.0	0.0	0.30515817	0.18266693	0.70158327	0.0	0.30914357	0.07169678	0.42555535	0.19074753	9000	-0.017351352	0.019246673	-0.0018204208	-2.5992806e-05	1.7351323	0.0002970743	0.0	4.0	37.20719885826111	231
90	0.22022206	0.15321983	0.46630573	0.0	4.9411764	18.0	10.064498	34.0	0.0	0.2253894	0.14743145	0.46630573	0.0	0.31684723	0.0715278	0.42363927	0.19070372	9100	-0.017379731	0.016634056	-0.0021415278	-0.00023224374	1.7379743	0.00012493611	0.0	4.0	37.60784983634949	251
91	0.24061206	0.24732918	0.7149916	0.0	5.3846154	14.266666	10.016431	33.0	2.0	0.274491	0.24870029	0.7149916	0.0	0.32045463	0.07185601	0.4365165	0.18929228	9200	-0.017392218	0.036271792	-0.0007868223	-0.0003041767	1.7392244	0.00029030323	0.0	4.0	37.972646713256836	275
92	0.3854335	0.16616292	0.70264786	0.038055398	4.9333334	17.842106	9.521517	36.0	3.0	0.41089603	0.16857372	0.70264786	0.038055398	0.29808724	0.06745522	0.39700407	0.18691742	9300	-0.017332628	0.02067834	-0.0011782618	9.013619e-05	1.733276	-0.00066891673	0.0	4.0	38.62569713592529	153
93	0.2498131	0.17036214	0.4892865	0.0	5.6153846	18.294117	10.458684	35.0	4.0	0.26268026	0.15433626	0.4892865	0.0	0.31267026	0.06982722	0.4138472	0.1866488	9400	-0.017346233	0.015878633	-0.0014964752	-2.2510882e-05	1.73462	-0.00097586156	0.0	4.0	39.02426815032959	257
94	0.4380247	0.19947913	0.6987476	0.0	6.909091	13.785714	11.3777895	35.0	0.0	0.44200227	0.22700262	0.6987476	0.0	0.3185299	0.06754672	0.413669	0.18657957	9500	-0.017370313	0.03357624	-0.0005988851	-0.00014979206	1.7370274	-9.9577905e-05	0.0	4.0	39.51366972923279	205
95	0.24582887	0.21553855	0.6276237	0.0	4.928571	16.277779	10.88733	37.0	2.0	0.3071847	0.21257436	0.6276237	0.0	0.30821896	0.069476955	0.4152642	0.18778116	9600	-0.017313555	0.023255963	-0.0014377059	1.5170721e-05	1.731355	-0.00035412313	0.0	4.0	40.016587257385254	202
96	0.27198625	0.21480894	0.6385468	-0.023374336	3.6470587	17.809525	9.983888	37.0	2.0	0.32449013	0.17859107	0.6385468	-0.023374336	0.29730248	0.07052444	0.4071761	0.18935697	9700	-0.017260954	0.016035395	-0.0014219135	-3.8240803e-05	1.7260978	0.00045039653	0.0	4.0	40.41730880737305	252
97	0.18623905	0.2028576	0.7173156	2.220446e-16	4.2	16.88889	10.338112	33.0	0.0	0.28355277	0.18465263	0.7173156	2.220446e-16	0.30515268	0.06798882	0.42119384	0.19059516	9800	-0.017286986	0.015645448	-0.0015723743	1.7574988e-05	1.7287004	0.0012335443	0.0	4.0	40.88682579994202	213
98	0.23774023	0.18905888	0.538329	0.0	6.0	23.5625	10.313636	36.0	3.0	0.25492135	0.20465106	0.538329	0.0	0.32417142	0.07269378	0.43298414	0.19120742	9900	-0.017294347	0.026567437	-0.00075665116	-0.00016716262	1.7294319	-0.0003350019	0.0	4.0	41.195059061050415	326
99	0.31594828	0.24048465	0.6539257	3.330669e-16	5.3333335	19.9375	10.009175	37.0	4.0	0.40216792	0.17361338	0.6539257	3.330669e-16	0.30961955	0.06937319	0.4083827	0.19024284	10000	-0.017297562	0.017470991	-0.001043329	3.4068886e-05	1.7297586	0.0010268735	0.0	4.0	41.693339824676514	202
100	0.3123393	0.22166583	0.7894465	0.0	5.769231	21.375	10.22176	35.0	0.0	0.347331	0.21621208	0.7894465	0.0	0.31707197	0.06971086	0.4071969	0.19044198	10100	-0.017286554	0.024764543	-0.0011856463	-4.0405896e-05	1.7286557	0.00040715694	0.0	4.0	42.073660135269165	265
101	0.39617285	0.18596195	0.67343676	0.016909482	5.8333335	15.25	11.194306	33.0	0.0	0.40526307	0.15853517	0.67343676	0.016909482	0.32033774	0.071446	0.4251228	0.19176513	10200	-0.01727818	0.017585944	-0.0013256222	-0.00023362105	1.7278262	0.00025650504	0.0	4.0	42.408474922180176	300
102	0.2539075	0.19666967	0.5468562	0.0	6.6363635	22.0	9.395035	36.0	3.0	0.295256	0.17455569	0.5468562	0.0	0.3312189	0.07580334	0.44129446	0.19399117	10300	-0.0172773	0.01818421	-0.0009024367	0.000101351936	1.7277329	1.5592595e-06	0.0	4.0	42.75855350494385	287
103	0.34339836	0.17754112	0.6180545	2.220446e-16	3.4	19.5	10.785793	36.0	1.0	0.3838252	0.1453007	0.6180545	2.220446e-16	0.29731706	0.06886524	0.41813532	0.19532117	10400	-0.017172769	0.014394552	-0.0013453066	-0.00014821859	1.7172722	-0.00018498897	0.0	4.0	43.39296293258667	158
104	0.30386794	0.21372828	0.5663924	3.330669e-16	5.5	22.071428	10.7535	37.0	4.0	0.39287087	0.13240854	0.5663924	3.330669e-16	0.34001267	0.07579661	0.432575	0.19696009	10500	-0.017246813	0.009973817	-0.0008563176	-0.00016663055	1.7246768	0.00063996785	0.0	4.0	43.94888663291931	182
105	0.35540837	0.19949831	0.5994381	3.330669e-16	4.5625	20.31579	12.096335	37.0	1.0	0.39862812	0.15307069	0.5994381	3.330669e-16	0.321576	0.07466845	0.43640587	0.1994089	10600	-0.017199486	0.014627051	-0.0018590819	-0.00029199873	1.7199509	0.000483942	0.0	4.0	44.4015634059906	222
106	0.34072304	0.27195963	0.8558026	3.330669e-16	5.6923075	17.764706	10.183779	37.0	4.0	0.49507824	0.24665965	0.8558026	3.330669e-16	0.34612748	0.08136358	0.4612245	0.2024765	10700	-0.017181538	0.035581872	-0.0020865723	-0.0013248476	1.7181551	-7.317067e-05	0.0	4.0	44.777570724487305	267
107	0.32587382	0.2256973	0.6211315	3.330669e-16	4.071429	14.722222	10.831055	37.0	0.0	0.41170496	0.14680712	0.6211315	3.330669e-16	0.34425604	0.078818865	0.4664175	0.2073587	10800	-0.01715219	0.012324488	-0.0017241221	-0.00050189765	1.7152199	0.00075256824	0.0	4.0	45.1818585395813	248
108	0.25249836	0.21403995	0.57839787	3.330669e-16	5.0666666	18.157894	12.239983	37.0	1.0	0.33631897	0.18949817	0.57839787	3.330669e-16	0.355343	0.083110586	0.46341652	0.21260919	10900	-0.017149508	0.016912568	-0.0029947162	0.00017653476	1.7149502	0.0011295223	0.0	4.0	45.644954204559326	217
109	0.33642808	0.20031105	0.6468186	3.330669e-16	4.4	19.68421	8.814179	34.0	3.0	0.41125792	0.16614695	0.6468186	3.330669e-16	0.3615671	0.08710841	0.48847488	0.21594658	11000	-0.017114729	0.014057992	-0.002417503	-0.0001661242	1.7114705	-0.00045035363	0.0	4.0	46.036428451538086	258
110	0.27285796	0.16881198	0.5534243	3.330669e-16	5.0	19.882353	10.459346	35.0	1.0	0.35662374	0.13472481	0.5534243	3.330669e-16	0.37812617	0.091504775	0.5155609	0.21847683	11100	-0.017116766	0.010207673	-0.001990934	0.000109458924	1.711678	0.00042855262	0.0	4.0	46.445961713790894	245
111	0.36645615	0.22912169	0.6404607	-0.010998267	6.3846154	14.533334	11.400974	34.0	0.0	0.34758976	0.23243287	0.6404607	-0.010998267	0.38774216	0.08835629	0.49714828	0.21990353	11200	-0.01712501	0.033146843	-0.00067380816	-0.000102231046	1.7125016	-0.00010562896	0.0	4.0	46.796589851379395	287
112	0.23340127	0.16839373	0.4768462	0.0	6.9	16.428572	11.165728	34.0	0.0	0.30038574	0.16605213	0.4768462	0.0	0.3956563	0.089970216	0.5093945	0.21954034	11300	-0.017089173	0.021229876	-0.0009379126	-0.0007380333	1.7089179	-0.00020014287	0.0	4.0	47.17291331291199	267
113	0.34957266	0.18290372	0.7039654	0.0053318967	4.9166665	15.0	12.055428	36.0	1.0	0.40434813	0.13822322	0.7039654	0.0053318967	0.37369642	0.08480318	0.4955273	0.21693297	11400	-0.017111603	0.011212513	-0.0013058037	7.269159e-05	1.7111616	9.346484e-05	0.0	4.0	47.654558181762695	208
114	0.26844698	0.16486703	0.61219263	0.0	5.4615383	20.764706	8.537319	36.0	3.0	0.27664173	0.16994016	0.61219263	0.0	0.35930663	0.08250846	0.4840409	0.21490839	11500	-0.017074756	0.022651317	-0.0013131686	-0.00056467426	1.7074766	0.0002436018	0.0	4.0	48.08048677444458	236
115	0.33328903	0.22031483	0.63424337	0.0	7.0	18.0	10.488089	36.0	2.0	0.29599163	0.22652176	0.63424337	0.0	0.35659066	0.07816371	0.47755596	0.2124556	11600	-0.017079815	0.033772316	-0.0015373752	-0.0006989216	1.7079842	0.0005307341	0.0	4.0	48.48674011230469	247
116	0.20807114	0.2319628	0.7127439	0.0	8.1	18.384615	9.051463	32.0	1.0	0.21293405	0.23400375	0.7127439	0.0	0.36992657	0.076786205	0.46631876	0.20892476	11700	-0.017066538	0.044833526	-0.0006080009	-0.0020891228	1.7066557	-0.0001073885	0.0	4.0	48.88037085533142	256
117	0.42384276	0.18287475	0.7390066	0.0	4.642857	22.055555	11.345446	37.0	1.0	0.38249162	0.19739097	0.7390066	0.0	0.3318056	0.07724664	0.44710845	0.20348495	11800	-0.017000228	0.026424434	-0.00051126257	7.489754e-05	1.7000229	1.0833748e-05	0.0	4.0	49.359246253967285	210
118	0.38313654	0.22155933	0.68544024	0.0	7.6	19.071428	12.325725	37.0	0.0	0.40063676	0.21875083	0.68544024	0.0	0.34473193	0.07025392	0.44195578	0.19945088	11900	-0.017045006	0.02794915	-0.0010426044	0.00012355344	1.7044976	0.00019451142	0.0	4.0	49.813212394714355	221
119	0.2936526	0.19436958	0.71108437	0.0	4.3333335	17.5	13.328541	37.0	1.0	0.3044003	0.2079858	0.71108437	0.0	0.31208444	0.06973946	0.41941464	0.19825977	12000	-0.01701124	0.022886077	-0.0008620173	-7.60355e-05	1.7011235	-0.000110588066	0.0	4.0	50.29564547538757	209
120	0.37459192	0.25022712	0.7307753	0.0	6.5454545	16.733334	8.11966	31.0	5.0	0.34492782	0.2650659	0.7307753	0.0	0.3223544	0.0637299	0.4208114	0.19781154	12100	-0.017043684	0.03875117	-0.0013159141	-0.00010129064	1.704371	0.00019720077	0.0	4.0	50.74535942077637	225
121	0.3131325	0.22594845	0.63750994	0.0	6.6666665	18.0	8.154754	28.0	4.0	0.27309194	0.19973569	0.63750994	0.0	0.33327448	0.06426051	0.41715005	0.1976048	12200	-0.01706671	0.025197074	-0.0010082424	-0.0003595918	1.7066708	0.0005991411	0.0	4.0	51.059903383255005	319
122	0.3001239	0.1781711	0.46016994	3.330669e-16	7.0	18.416666	10.6494	36.0	1.0	0.36207184	0.09375315	0.46016994	3.330669e-16	0.32342473	0.058833845	0.40794492	0.1964666	12300	-0.017079748	0.0058718827	-0.00033162534	8.232711e-05	1.7079692	0.00027514936	0.0	4.0	51.38232970237732	312
123	0.38435975	0.20305711	0.6460484	0.0	5.6666665	21.6	12.009996	37.0	2.0	0.36482418	0.20389989	0.6460484	0.0	0.31050187	0.061342046	0.39790052	0.19581342	12400	-0.017070144	0.024052484	-0.0012637619	-4.2513944e-05	1.707018	-9.5038406e-05	0.0	4.0	51.844579219818115	217
124	0.30904645	0.16843022	0.5930305	0.0	5.230769	18.4375	10.481941	31.0	0.0	0.29991323	0.17194131	0.5930305	0.0	0.30704796	0.060456846	0.3929195	0.19650897	12500	-0.017062932	0.016899694	-0.0009206161	-4.2591477e-05	1.7062936	0.00044370175	0.0	4.0	52.19196081161499	291
125	0.30418172	0.21841699	0.62403905	0.0	6.1	18.428572	12.882515	36.0	1.0	0.33426717	0.18976943	0.62403905	0.0	0.31942618	0.061157506	0.41961366	0.1971205	12600	-0.017054357	0.019746892	-0.001204282	-5.6819757e-05	1.7054389	0.0006571388	0.0	4.0	52.53711223602295	291
126	0.27642378	0.18138888	0.5837783	0.0	3.9473684	15.333333	8.887301	37.0	0.0	0.2929553	0.188472	0.5837783	0.0	0.30432507	0.06360458	0.40122256	0.1975308	12700	-0.016985744	0.018993624	-0.00084728	-5.39443e-05	1.6985675	-0.00017544747	0.0	4.0	52.911038398742676	268
127	0.21331082	0.18165237	0.4667594	0.0	8.555555	21.833334	9.64221	37.0	6.0	0.2344679	0.18708828	0.4667594	0.0	0.32269654	0.057189934	0.3993897	0.19771038	12800	-0.017066441	0.023217652	-0.00068772584	-0.00036937487	1.7066476	0.00010108948	0.0	4.0	53.30221176147461	256
128	0.39172378	0.16835412	0.6449565	0.02443025	6.8333335	18.6	11.0381155	37.0	1.0	0.4310204	0.14327683	0.6449565	0.02443025	0.31036094	0.056857333	0.38700387	0.19617349	12900	-0.017031793	0.016661638	-0.00092670135	9.7792596e-05	1.7031887	0.00011695861	0.0	4.0	53.706929445266724	249
129	0.27447832	0.20543423	0.73645073	0.0	6.090909	10.866667	10.105225	37.0	1.0	0.28551906	0.24159202	0.73645073	0.0	0.31350556	0.05963913	0.3861505	0.19642623	13000	-0.017039537	0.031538777	-0.00093527883	2.2838358e-06	1.7039456	-0.00032568933	0.0	4.0	54.06940293312073	277
130	0.24888453	0.20737506	0.62905484	0.0	7.3636365	17.307692	9.058651	31.0	1.0	0.20994797	0.21095993	0.62905484	0.0	0.3207012	0.059270665	0.4037685	0.1970682	13100	-0.017019644	0.031219903	-0.0013160077	-0.00058392104	1.7019659	0.00049606804	0.0	4.0	54.43594717979431	274
131	0.27053013	0.22065291	0.595616	-0.068806805	6.8	17.23077	11.820151	36.0	4.0	0.29512987	0.19239451	0.595616	-0.068806805	0.30408925	0.053152904	0.38114536	0.19518891	13200	-0.017060064	0.019794809	-0.000761725	-0.00011944072	1.7060008	8.676053e-05	0.0	4.0	54.81100916862488	270
132	0.39360338	0.17034486	0.7583189	0.0023119661	4.4375	18.526316	11.17972	36.0	1.0	0.39979386	0.13990547	0.7583189	0.0023119661	0.2902009	0.057071336	0.39252767	0.19287625	13300	-0.016996395	0.016436368	-0.0007574335	5.5713812e-05	1.6996355	3.519535e-05	0.0	4.0	55.17728877067566	274
133	0.2442133	0.14246824	0.36704332	0.0	7.375	22.333334	6.699917	34.0	10.0	0.22845826	0.15083374	0.36704332	0.0	0.30638927	0.04954532	0.38414788	0.19314422	13400	-0.017070696	0.016866297	-0.0010568649	-0.00013183811	1.707069	0.00020480633	0.0	4.0	55.462106466293335	353
134	0.29696608	0.19963188	0.68636733	0.0	3.6875	17.25	10.236576	37.0	1.0	0.30847716	0.19515623	0.68636733	0.0	0.28174415	0.05435865	0.3660013	0.19291678	13500	-0.016968325	0.019968467	-0.0006901957	-1.0459917e-05	1.6968298	-7.4272146e-05	0.0	4.0	55.86070942878723	252
135	0.28112832	0.2720771	0.80823016	0.0	4.923077	20.25	11.610879	35.0	1.0	0.32537013	0.25809434	0.80823016	0.0	0.29640532	0.05543375	0.37609765	0.19241163	13600	-0.01698272	0.03450495	-0.0009800568	-3.358326e-05	1.6982719	0.00030795575	0.0	4.0	56.24595403671265	260
136	0.3345619	0.20690931	0.70172036	0.0	5.0666666	15.210526	11.119348	36.0	0.0	0.3281289	0.20219508	0.70172036	0.0	0.2857812	0.053385	0.36389118	0.1928054	13700	-0.016984686	0.023254868	-0.0013519228	-6.576604e-05	1.6984653	0.00021972178	0.0	4.0	56.68349242210388	229
137	0.34148946	0.24144211	0.77921903	0.0	5.5833335	17.2	8.64253	28.0	1.0	0.3402908	0.21509185	0.77921903	0.0	0.29065204	0.048622508	0.36108625	0.19390866	13800	-0.017033502	0.025738975	-0.0007304922	-0.00010618457	1.7033548	-5.4478674e-05	0.0	4.0	57.081732749938965	252
138	0.47688857	0.17780595	0.7187044	0.014773076	5.909091	23.4	11.336078	37.0	3.0	0.45262745	0.1552088	0.7187044	0.014773076	0.29982135	0.052450374	0.38212228	0.19561052	13900	-0.01699917	0.024070803	-0.001136519	-0.00067845907	1.6999333	-7.9436286e-05	0.0	4.0	57.477694272994995	256
139	0.27975363	0.2562517	0.6914001	-0.0043095574	5.928571	17.944445	11.291453	36.0	1.0	0.3318021	0.23495701	0.6914001	-0.0043095574	0.29971015	0.055260748	0.37688854	0.19936845	14000	-0.01695095	0.027449135	-0.0010161679	-0.00015949411	1.695096	-1.2621887e-05	0.0	4.0	57.83312630653381	284
140	0.25473824	0.18696786	0.5096236	0.0	5.5	16.4375	11.505263	35.0	0.0	0.29453206	0.15873148	0.5096236	0.0	0.30950204	0.05613705	0.38509274	0.20335929	14100	-0.016986448	0.013393882	-0.00080078095	5.4475327e-05	1.6986448	0.0002712393	0.0	4.0	58.16717290878296	301
141	0.32239318	0.20152369	0.61191285	0.0	5.642857	15.294118	8.414026	32.0	4.0	0.3599079	0.20255612	0.61191285	0.0	0.3105484	0.05611591	0.3894335	0.20566814	14200	-0.016958445	0.021451652	-0.0010152832	-0.000102662365	1.6958439	-1.2722026e-05	0.0	4.0	58.53323459625244	274
142	0.27299157	0.2033609	0.6161193	0.0	5.133333	17.833334	10.436315	35.0	0.0	0.29753157	0.2158131	0.6161193	0.0	0.30811444	0.057730187	0.38833272	0.20761539	14300	-0.016962811	0.024555868	-0.0012945533	3.9451756e-05	1.6962783	0.00024741172	0.0	4.0	58.90211868286133	272
143	0.2972764	0.21031056	0.6184081	0.0	6.181818	20.428572	12.602235	37.0	1.0	0.31800416	0.17542616	0.6184081	0.0	0.32528207	0.054702856	0.40979362	0.20898499	14400	-0.016983196	0.016343584	-0.0010248944	-2.6913476e-05	1.6983203	2.6884081e-05	0.0	4.0	59.26084876060486	280
144	0.41022342	0.2195631	0.7149299	3.330669e-16	3.7777777	18.571428	11.524597	37.0	0.0	0.442989	0.1772395	0.7149299	3.330669e-16	0.30730498	0.059460603	0.39580727	0.20943317	14500	-0.016938254	0.025334472	-0.0012218878	-0.00030632783	1.6938213	-0.00022699832	0.0	4.0	59.675302505493164	242
145	0.29433328	0.17353816	0.54005957	0.0	7.0	17.76923	11.301149	37.0	2.0	0.31386957	0.17729943	0.54005957	0.0	0.32674193	0.053294405	0.41791496	0.21167913	14600	-0.017013356	0.016456753	-0.0011038966	6.932579e-05	1.7013359	0.000110239984	0.0	4.0	60.002204179763794	307
146	0.28783125	0.15537034	0.6336935	3.330669e-16	4.3125	17.11111	10.418407	37.0	0.0	0.34156454	0.12187068	0.6336935	3.330669e-16	0.3162228	0.056389786	0.42043382	0.21387096	14700	-0.01694183	0.0077096815	-0.0010797353	-4.08309e-05	1.6941872	0.00016001225	0.0	4.0	60.38452124595642	262
147	0.2900451	0.21474662	0.65611047	-0.00064941787	4.375	20.7	11.828356	37.0	2.0	0.36190817	0.18942021	0.65611047	-0.00064941787	0.3158521	0.059398323	0.40744328	0.21537803	14800	-0.016913831	0.017271081	-0.0021450268	-0.00012589851	1.6913824	0.0008678484	0.0	4.0	60.75350618362427	272
148	0.3921588	0.19021222	0.6436613	3.330669e-16	6.0	23.1875	8.596647	37.0	9.0	0.46871608	0.13387129	0.6436613	3.330669e-16	0.33462346	0.06014198	0.41194773	0.2172981	14900	-0.016917527	0.016871205	-0.0006373264	-0.0007985593	1.6917622	-4.9157134e-05	0.0	4.0	61.1064977645874	285
149	0.28816998	0.20046355	0.63985664	0.0	4.8125	20.833334	11.03152	37.0	2.0	0.297878	0.18552399	0.63985664	0.0	0.33540574	0.06279387	0.41732952	0.22109894	15000	-0.016913988	0.019972108	-0.0011199247	0.00024229038	1.6913979	7.5435673e-06	0.0	4.0	61.52458071708679	240
150	0.36878183	0.19946471	0.70820636	0.026527055	4.0	20.2	10.082659	35.0	1.0	0.4293105	0.18709652	0.70820636	0.026527055	0.33536217	0.06509598	0.4305626	0.2238474	15100	-0.016866805	0.020382188	-0.001582183	-0.00035847514	1.6866772	0.00025214194	0.0	4.0	61.894646644592285	273
151	0.23770966	0.24156699	0.6450669	0.0	5.214286	17.294117	9.310113	37.0	3.0	0.23824435	0.20880026	0.6450669	0.0	0.3450244	0.06426324	0.44361722	0.22668979	15200	-0.016907148	0.03037105	-0.0010238886	8.5001346e-05	1.6907184	-0.00014681816	0.0	4.0	62.29227066040039	252
152	0.3745327	0.20791976	0.61759955	0.0	5.909091	18.4	10.150862	37.0	3.0	0.3618175	0.20129858	0.61759955	0.0	0.35316765	0.062043466	0.43182147	0.22737324	15300	-0.016879706	0.022978017	-0.0013614893	-0.00010756252	1.6879692	0.00018583299	0.0	4.0	62.70387029647827	245
153	0.31717303	0.13795798	0.51941806	3.330669e-16	3.6666667	17.904762	11.0363245	37.0	1.0	0.35279197	0.123079695	0.51941806	3.330669e-16	0.3383126	0.067686126	0.43293458	0.22671917	15400	-0.016807228	0.008751778	-0.0012015663	-8.6536165e-06	1.6807203	-4.5061097e-05	0.0	4.0	63.15033769607544	224
154	0.29843092	0.23402293	0.68116224	2.220446e-16	4.0555553	16.238094	9.812066	32.0	3.0	0.37963822	0.22286111	0.68116224	2.220446e-16	0.33502614	0.06412141	0.42367774	0.22658975	15500	-0.016796924	0.02444171	-0.0028937375	-6.8063615e-05	1.6796936	0.0014946604	0.0	4.0	63.57136082649231	240
155	0.3897079	0.17025094	0.7346686	3.330669e-16	5.571429	18.411764	12.14161	37.0	0.0	0.44064078	0.15416919	0.7346686	3.330669e-16	0.34864724	0.06435064	0.4367203	0.22749534	15600	-0.01684057	0.015614115	-0.00095261727	-0.00032655871	1.6840641	-0.00021432398	0.0	4.0	63.94874119758606	266
156	0.28304502	0.21934319	0.66320163	0.0	5.1538463	15.3529415	9.480266	28.0	1.0	0.2808881	0.22272438	0.66320163	0.0	0.348608	0.06615501	0.438249	0.22997089	15700	-0.016847692	0.030692302	-0.0008206032	3.4355035e-05	1.6847694	0.00039373874	0.0	4.0	64.28476572036743	299
157	0.33869666	0.17284054	0.731137	3.330669e-16	3.5	16.2	11.115754	32.0	0.0	0.3860114	0.13237488	0.731137	3.330669e-16	0.34076706	0.06710373	0.45059916	0.23094054	15800	-0.01681152	0.010159644	-0.0011790618	-1.6597216e-05	1.6811516	-0.00012546062	0.0	4.0	64.69339036941528	245
158	0.2781438	0.23474808	0.62623477	0.0	9.0	17.4	9.254189	36.0	4.0	0.3488656	0.18535249	0.62623477	0.0	0.37189856	0.054041315	0.43180525	0.23153815	15900	-0.016868372	0.016991345	-0.0011317544	1.1739205e-05	1.6868397	-0.00055619236	0.0	4.0	64.97408986091614	358
159	0.38216776	0.20025787	0.70177895	3.330669e-16	4.0	20.333334	11.6809435	37.0	0.0	0.42737758	0.15281458	0.70177895	3.330669e-16	0.34811634	0.06466873	0.4528623	0.23195766	16000	-0.016791463	0.014303153	-0.0014543459	-0.00014216232	1.6791482	0.00047199248	0.0	4.0	65.36026859283447	260
160	0.3271547	0.16172154	0.62667847	0.0	5.142857	17.88889	11.999486	37.0	1.0	0.33303234	0.17472042	0.62667847	0.0	0.3443202	0.06314088	0.43968824	0.23345941	16100	-0.0168463	0.017234433	-0.0009152815	3.4422323e-05	1.6846248	6.806852e-05	0.0	4.0	65.74408793449402	262
161	0.30034152	0.17949714	0.52148026	0.0	5.5384617	13.470589	10.960451	32.0	1.0	0.3142135	0.17283407	0.52148026	0.0	0.3557653	0.06491859	0.43668693	0.23492235	16200	-0.016755313	0.018707857	-0.00095853955	-0.00011013099	1.6755282	0.00023005962	0.0	4.0	66.11335754394531	272
162	0.28277346	0.26226896	0.65505016	0.0	4.5384617	16.0	8.898116	32.0	1.0	0.33774048	0.22865973	0.65505016	0.0	0.3548562	0.0627671	0.42703652	0.23475653	16300	-0.016763017	0.026041862	-0.001745496	-8.794712e-05	1.6762977	0.00034573555	0.0	4.0	66.50010299682617	259
163	0.20428486	0.22955252	0.65828407	0.0	5.818182	16.266666	8.820179	32.0	2.0	0.24090901	0.22473475	0.65828407	0.0	0.3556295	0.060428742	0.43454954	0.23388359	16400	-0.016766097	0.034042038	-0.0013985052	-0.00086364755	1.6766064	0.00035092354	0.0	4.0	66.79818868637085	337
164	0.27730268	0.1841742	0.6545709	0.0	4.0526314	18.380953	11.573682	36.0	0.0	0.2960024	0.19090796	0.6545709	0.0	0.3327804	0.061147276	0.43286967	0.23109695	16500	-0.01671356	0.020934612	-0.0013384577	-0.00034656678	1.6713579	0.0004193306	0.0	4.0	67.19175744056702	255
165	0.32478887	0.22417036	0.644163	0.0	5.2727275	16.533333	10.977958	37.0	1.0	0.33498505	0.1959492	0.644163	0.0	0.3386429	0.05352229	0.4104773	0.22766379	16600	-0.016784787	0.019445403	-0.0013928376	-0.00013673212	1.6784813	-0.00019315719	0.0	4.0	67.51402044296265	312
166	0.2967572	0.17881969	0.5460095	-0.041013587	4.428571	15.235294	9.59491	34.0	2.0	0.34536678	0.14020504	0.5460095	-0.041013587	0.32941413	0.0562221	0.40944484	0.22533752	16700	-0.016733348	0.0103014	-0.002772186	2.998067e-05	1.6733348	0.00042874337	0.0	4.0	67.86169338226318	289
167	0.38371816	0.20147166	0.6500676	3.330669e-16	4.769231	16.058823	10.343913	36.0	0.0	0.42319277	0.15209009	0.6500676	3.330669e-16	0.31883305	0.051160567	0.4044498	0.2243716	16800	-0.016751349	0.016642652	-0.0011398569	-0.00018725125	1.6751356	-0.00039041042	0.0	4.0	68.24222874641418	264
168	0.37572044	0.19504671	0.6479857	3.330669e-16	4.6153846	16.5625	9.855003	35.0	0.0	0.39942315	0.13672517	0.6479857	3.330669e-16	0.33889267	0.056577023	0.4245379	0.22582626	16900	-0.016628638	0.011607958	-0.0020114742	-0.00024099916	1.6628649	0.00031536102	0.0	4.0	68.62552785873413	262
169	0.4066017	0.17074682	0.64020395	0.0	6.076923	19.705883	8.803507	35.0	5.0	0.37539947	0.19513518	0.64020395	0.0	0.33269128	0.05625228	0.40609905	0.22879793	17000	-0.016709328	0.021243699	-0.0006309487	-0.00014881123	1.6709309	-0.0002935171	0.0	4.0	68.97687482833862	286
170	0.35573113	0.2405008	0.81603897	2.220446e-16	4.0588236	19.2	10.13706	34.0	2.0	0.41277876	0.19757424	0.81603897	2.220446e-16	0.33669963	0.05957551	0.42302373	0.23181789	17100	-0.016615622	0.022251973	-0.0012190505	-0.00033920736	1.6615629	0.00024554733	0.0	4.0	69.36286902427673	260
171	0.37637728	0.22400929	0.71078813	0.0	5.181818	16.133333	11.898833	34.0	2.0	0.3936165	0.21952522	0.71078813	0.0	0.3514008	0.05682605	0.42179656	0.235372	17200	-0.016664818	0.02632714	-0.001589451	-0.000193369	1.6664836	0.00032024863	0.0	4.0	69.70411133766174	294
172	0.3847666	0.18457077	0.6356148	-0.014921666	5.0	17.5	8.817596	29.0	2.0	0.41562852	0.13557759	0.6356148	-0.014921666	0.34902745	0.05584	0.4410984	0.23903663	17300	-0.016698986	0.012704276	-0.0019692113	-0.0003246537	1.669896	-6.408212e-05	0.0	4.0	70.0646903514862	278
173	0.35658044	0.193019	0.69805133	0.0	4.5625	17.894737	11.266601	37.0	0.0	0.35310787	0.20858094	0.69805133	0.0	0.36157987	0.06605452	0.4592674	0.24281555	17400	-0.016590238	0.02505849	-0.001952813	0.0001395964	1.6590261	0.0005805779	0.0	4.0	70.42465448379517	279
174	0.34675327	0.14005964	0.59236276	2.220446e-16	5.4166665	13.4375	10.55325	33.0	0.0	0.37675726	0.1035373	0.59236276	2.220446e-16	0.36146668	0.059807237	0.4416575	0.24541393	17500	-0.016655177	0.006544302	-0.0020689247	-3.5865814e-06	1.6655192	-0.00037559032	0.0	4.0	70.8036048412323	266
175	0.26542413	0.20435785	0.64707434	0.0	7.4	16.384615	11.711522	37.0	0.0	0.27353394	0.21002154	0.64707434	0.0	0.37265098	0.05785785	0.46901256	0.24706422	17600	-0.016585551	0.030147085	-0.0014384184	-0.0002695265	1.6585529	-0.00041446683	0.0	4.0	71.10177516937256	337
176	0.3340167	0.23412864	0.67549723	0.0	9.0	21.454546	7.560227	33.0	9.0	0.30580476	0.21773615	0.67549723	0.0	0.38657188	0.05702282	0.45855477	0.2461945	17700	-0.016488075	0.030427288	-0.0016918033	-0.0009512517	1.6488006	0.0007071686	0.0	4.0	71.37345385551453	370
177	0.30461022	0.23272917	0.62969	0.0	7.2727275	17.266666	10.604821	35.0	3.0	0.29488516	0.22149754	0.62969	0.0	0.35275435	0.054516204	0.43246105	0.24288239	17800	-0.016546562	0.027174618	-0.0024072863	-0.00088685425	1.6546514	0.00022449491	0.0	4.0	71.71441435813904	295
178	0.34250772	0.2250343	0.64561564	0.0	6.5	13.8	10.021311	35.0	3.0	0.28673354	0.22179015	0.64561564	0.0	0.34520188	0.053133927	0.42004547	0.23903465	17900	-0.016514316	0.028816544	-0.0033334773	-0.0011144015	1.651438	0.0009763766	0.0	4.0	72.0558500289917	294
179	0.42919028	0.13221088	0.67588687	0.2747851	5.230769	14.375	6.9630723	31.0	3.0	0.42662087	0.1316734	0.67588687	0.2747851	0.32808724	0.050897133	0.4129643	0.23513795	18000	-0.01659359	0.014215247	-0.0024486852	0.00057171413	1.6593529	0.0014320563	0.0	4.0	72.48026490211487	236
180	0.3832545	0.11902918	0.6369444	0.17480658	4.9333334	19.736841	12.404762	37.0	1.0	0.39937124	0.11497904	0.6369444	0.17480658	0.31823584	0.04695376	0.4042495	0.23391281	18100	-0.016587123	0.010525858	-0.0014976263	-5.8178906e-05	1.6587102	6.453039e-05	0.0	4.0	72.87688708305359	254
181	0.35937604	0.14891262	0.6223413	2.220446e-16	5.8333335	21.666666	10.743473	37.0	4.0	0.38952667	0.11250726	0.6223413	2.220446e-16	0.3257621	0.047177915	0.39779702	0.23555294	18200	-0.016574189	0.009146195	-0.0017053708	-0.00027769295	1.6574221	-0.00070772175	0.0	4.0	73.22697067260742	287
182	0.3384889	0.19154261	0.6259317	0.0	4.923077	17.235294	10.206857	37.0	0.0	0.34311625	0.18343925	0.6259317	0.0	0.33524078	0.05166822	0.41750365	0.23845291	18300	-0.016460568	0.017864853	-0.0019019023	3.0693365e-05	1.6460586	0.0015620661	0.0	4.0	73.63008451461792	249
183	0.3185576	0.23016691	0.7599417	0.0	4.4666667	17.277779	11.044384	37.0	3.0	0.3319789	0.22806329	0.7599417	0.0	0.3350765	0.05086065	0.4220864	0.24089415	18400	-0.016463608	0.02723895	-0.001808364	8.825678e-06	1.6463645	0.0005827808	0.0	4.0	73.98954439163208	279
184	0.39527962	0.11536909	0.55302745	0.21684831	6.909091	23.8	6.079474	33.0	9.0	0.39951563	0.10100251	0.55302745	0.21684831	0.35116905	0.056341197	0.44279248	0.24227308	18500	-0.016331844	0.008513215	-0.0023380443	-9.47986e-05	1.6331818	0.0014430427	0.0	4.0	74.32402491569519	300
185	0.3700571	0.16677009	0.61133766	0.012233537	4.352941	17.947369	10.313373	35.0	1.0	0.39205682	0.14955945	0.61133766	0.012233537	0.3423291	0.0559546	0.43932557	0.24390396	18600	-0.016359113	0.01285649	-0.0031837327	-0.00020306837	1.635909	0.00044938564	0.0	4.0	74.79507875442505	213
186	0.42133358	0.11702542	0.6910439	0.32649735	5.428571	14.625	9.061422	31.0	2.0	0.418718	0.11364659	0.6910439	0.32649735	0.35089767	0.053425193	0.43940485	0.24630609	18700	-0.016425215	0.009780899	-0.0005591884	-0.00031726772	1.6425205	-0.00065127853	0.0	4.0	75.18823289871216	257
187	0.4341231	0.16041991	0.6510931	3.330669e-16	4.6875	19.31579	12.8352	36.0	0.0	0.4661953	0.13101704	0.6510931	3.330669e-16	0.3556343	0.058982927	0.44278473	0.24943824	18800	-0.016299978	0.014419283	-0.0011543892	-0.0008025913	1.6299965	0.00014632703	0.0	4.0	75.59522414207458	247
188	0.31745863	0.18599628	0.6324921	0.0	6.3636365	18.866667	9.762969	36.0	2.0	0.346307	0.18571705	0.6324921	0.0	0.37447244	0.05764558	0.45797163	0.25404358	18900	-0.016308367	0.01851106	-0.0012892969	0.0002354501	1.6308396	-0.00010025501	0.0	4.0	75.9547700881958	279
189	0.32549623	0.20605756	0.7274858	0.0	6.3076925	14.875	9.905018	35.0	0.0	0.3194008	0.24844797	0.7274858	0.0	0.37843454	0.061135676	0.48737362	0.25728983	19000	-0.016271874	0.033878833	-0.0023742989	-0.00024217262	1.6271949	0.00097068306	0.0	4.0	76.34088492393494	260
190	0.41783956	0.24580577	0.75657463	0.0	5.5	16.722221	9.694245	36.0	1.0	0.42047337	0.24422266	0.75657463	0.0	0.37712497	0.063300826	0.46999088	0.25759795	19100	-0.016190141	0.030684741	-0.0033096466	-2.0775944e-05	1.6190116	-0.0005415344	0.0	4.0	76.79442715644836	221
191	0.37573245	0.2102689	0.75476706	2.220446e-16	5.133333	19.894737	9.391456	35.0	0.0	0.4488984	0.170302	0.75476706	2.220446e-16	0.36995098	0.06119448	0.4531066	0.25802174	19200	-0.01619026	0.017699396	-0.002457277	-0.00029445044	1.6190288	-0.00019169808	0.0	4.0	77.20774269104004	243
192	0.3292147	0.21503982	0.6466449	0.0	4.875	18.0	10.731165	34.0	3.0	0.32614064	0.19932266	0.6466449	0.0	0.37442067	0.06427916	0.46258116	0.2603688	19300	-0.0161326	0.02167665	-0.0019866955	0.00013570022	1.6132659	0.00055428024	0.0	4.0	77.69228100776672	208
193	0.32047158	0.18228742	0.62552404	0.0	6.3636365	16.533333	10.959724	37.0	1.0	0.3448712	0.1728318	0.62552404	0.0	0.3791393	0.060825963	0.49052957	0.26165575	19400	-0.016184121	0.015552841	-0.002297055	-0.00020338834	1.6184161	0.0004913187	0.0	4.0	78.03448867797852	294
194	0.35768062	0.17227289	0.58396864	3.330669e-16	5.923077	20.733334	9.51817	36.0	6.0	0.39101255	0.13642554	0.58396864	3.330669e-16	0.38153797	0.06221476	0.49302417	0.26110446	19500	-0.016058348	0.009632297	-0.0012477189	4.482572e-06	1.6058344	-0.00035214424	0.0	4.0	78.45260787010193	240
195	0.32232958	0.24905741	0.7452917	3.330669e-16	4.5384617	18.17647	10.595423	37.0	0.0	0.38854548	0.18144944	0.7452917	3.330669e-16	0.38469064	0.06612327	0.48229623	0.26053002	19600	-0.016012255	0.016461834	-0.0018387651	6.5939385e-06	1.6012249	0.00018330573	0.0	4.0	78.83882212638855	261
196	0.4002452	0.12273877	0.6589286	0.23498052	5.3636365	16.666666	7.299924	30.0	4.0	0.4025745	0.11090087	0.6589286	0.23498052	0.375257	0.05644015	0.4770419	0.26036003	19700	-0.016134009	0.0071345046	-0.0019516423	-3.0174851e-06	1.6133997	0.00030420301	0.0	4.0	79.22323942184448	261
197	0.38078937	0.20366228	0.63897073	0.0	6.75	16.071428	7.7132936	27.0	0.0	0.35726222	0.18727767	0.63897073	0.0	0.36843708	0.06057437	0.46367848	0.2607555	19800	-0.016133785	0.01768769	-0.0030869879	-0.0001152085	1.6133819	0.0017520618	0.0	4.0	79.60295414924622	264
198	0.32446644	0.19498195	0.6743162	3.330669e-16	4.625	16.85	10.50369	35.0	0.0	0.40977192	0.16686091	0.6743162	3.330669e-16	0.36075133	0.057425283	0.4457676	0.26109415	19900	-0.016149595	0.015043952	-0.0010509593	1.0794494e-05	1.6149616	-0.00047347543	0.0	4.0	79.9741461277008	270
199	0.36981532	0.17366286	0.5866144	0.011452134	5.3333335	17.588236	11.438113	36.0	0.0	0.42595407	0.13885942	0.5866144	0.011452134	0.37236923	0.06136062	0.47559196	0.26219586	20000	-0.016131908	0.01218023	-0.0017635189	-0.00022643199	1.6131939	-8.271693e-05	0.0	4.0	80.34048843383789	274
200	0.4143744	0.09526979	0.5849689	0.28058854	4.6923075	17.6875	11.212263	37.0	4.0	0.39531395	0.07978448	0.5849689	0.28058854	0.38107407	0.061383132	0.47538385	0.26433396	20100	-0.016110014	0.004789248	-0.00089335255	2.2741326e-05	1.6110002	-0.00023565769	0.0	4.0	80.70821237564087	273
201	0.39466983	0.17796004	0.69539684	0.0	6.3076925	18.133333	10.144731	34.0	2.0	0.4232674	0.1711477	0.69539684	0.0	0.3927047	0.065260224	0.5027145	0.26628506	20200	-0.015992455	0.017198604	-0.0018894114	-8.047512e-05	1.5992436	-0.0004883099	0.0	4.0	81.05005407333374	294
202	0.32926697	0.25420254	0.6413428	0.0	8.333333	16.846153	10.044869	30.0	3.0	0.3255944	0.24225053	0.6413428	0.0	0.3891307	0.06113961	0.5174374	0.26801345	20300	-0.016036704	0.032645997	-0.0037192442	-0.00018186343	1.6036705	0.0019421243	0.0	4.0	81.36386322975159	320
203	0.3870222	0.16768457	0.64281285	0.02393717	4.7647057	21.166666	11.2903595	36.0	1.0	0.46233743	0.14805579	0.64281285	0.02393717	0.38287133	0.06514321	0.47938928	0.26785684	20400	-0.016045861	0.013335384	-0.0012312643	3.5348115e-05	1.6045864	-0.00077004905	0.0	4.0	81.73511981964111	270
204	0.33510044	0.1968309	0.67640173	3.330669e-16	3.5	22.95	7.8897085	35.0	1.0	0.39025944	0.15449215	0.67640173	3.330669e-16	0.39063483	0.069327794	0.50273097	0.26864412	20500	-0.015886262	0.012584001	-0.0019187555	3.045681e-05	1.5886245	0.00093879225	0.0	4.0	82.10356330871582	272
205	0.39512938	0.14936665	0.7017873	3.330669e-16	4.2	21.631578	11.2071905	37.0	0.0	0.43095458	0.12469144	0.7017873	3.330669e-16	0.38907856	0.064707324	0.5012855	0.26990914	20600	-0.015964828	0.009976965	-0.0022927076	-9.272789e-05	1.5964799	0.0004292917	0.0	4.0	82.44928646087646	290
206	0.35647988	0.24198687	0.7507287	3.330669e-16	3.8888888	18.363636	11.566195	37.0	0.0	0.44561097	0.2009672	0.7507287	3.330669e-16	0.38354886	0.06934235	0.5003053	0.27140263	20700	-0.015986707	0.02072346	-0.0037728697	-0.00038489723	1.59867	0.0011150694	0.0	4.0	82.89229226112366	226
207	0.1920466	0.22289987	0.6419259	0.0	6.181818	16.071428	9.074802	31.0	2.0	0.24864377	0.21753307	0.6419259	0.0	0.39357263	0.061114408	0.4973502	0.2740969	20800	-0.01604981	0.0350576	-0.0035491642	-0.00022328348	1.6049887	-0.0007819795	0.0	4.0	83.21475386619568	312
208	0.47455236	0.17597829	0.6996062	3.330669e-16	5.142857	17.055555	11.899917	37.0	2.0	0.47810465	0.13319132	0.6996062	3.330669e-16	0.41066563	0.07674361	0.52569574	0.2734784	20900	-0.015735067	0.013287736	-0.00090854615	0.00011769915	1.5735086	0.0010030079	0.0	4.0	83.62531590461731	244
209	0.4477817	0.14834158	0.75535214	0.31909764	5.4166665	21.133333	11.044557	36.0	2.0	0.42370763	0.13257666	0.75535214	0.31909764	0.40199882	0.065355815	0.4932226	0.272831	21000	-0.015832692	0.010256691	-0.0019840114	-3.9197737e-05	1.583275	0.000848937	0.0	4.0	84.04387831687927	240
210	0.35578063	0.16245782	0.6110695	3.330669e-16	4.1875	16.9	10.329084	36.0	3.0	0.37875515	0.12263899	0.6110695	3.330669e-16	0.39296317	0.06947057	0.51488554	0.27358228	21100	-0.015826587	0.008963008	-0.0013674721	-4.7058915e-05	1.5826571	-0.0004033089	0.0	4.0	84.45629477500916	243
211	0.37786686	0.2043047	0.6758877	3.330669e-16	5.25	20.0625	12.497343	37.0	2.0	0.42862955	0.14518163	0.6758877	3.330669e-16	0.3901627	0.06641824	0.52826434	0.2738817	21200	-0.015811093	0.010132669	-0.0027962402	2.2113818e-05	1.5811107	0.0003327513	0.0	4.0	84.81601881980896	280
212	0.38093752	0.19575724	0.68842304	3.330669e-16	4.714286	20.470589	9.91207	33.0	0.0	0.42186415	0.15725827	0.68842304	3.330669e-16	0.38971454	0.07187527	0.5205561	0.27468082	21300	-0.0158142	0.013413249	-0.0021977797	-1.7196464e-05	1.5814221	0.0007308865	0.0	4.0	85.17300605773926	281
213	0.4682503	0.17012855	0.69763476	2.220446e-16	3.7058823	20.65	10.859443	36.0	0.0	0.48802805	0.14704657	0.69763476	2.220446e-16	0.3908597	0.06512231	0.5080534	0.27622303	21400	-0.015889362	0.016475145	-0.0017900169	-0.00049049035	1.5889326	9.120941e-05	0.0	4.0	85.61556601524353	226
214	0.3636589	0.19875458	0.6634781	0.023771055	4.5	20.85	9.696778	37.0	3.0	0.44892207	0.15759583	0.6634781	0.023771055	0.40357643	0.07296047	0.5205141	0.2794087	21500	-0.015732631	0.012778511	-0.0029326007	-0.0003744017	1.5732625	0.00035047534	0.0	4.0	86.0335967540741	240
215	0.35901794	0.1540982	0.62748617	0.044834375	4.375	17.6	12.839003	37.0	0.0	0.4013551	0.16077957	0.62748617	0.044834375	0.40071034	0.07404256	0.5247749	0.28327072	21600	-0.015824929	0.01582309	-0.004922269	0.00012714253	1.5824962	0.001048069	0.0	4.0	86.45905065536499	237
216	0.3224024	0.19816804	0.6845819	0.0	4.928571	16.333334	11.025224	33.0	0.0	0.3647611	0.21036176	0.6845819	0.0	0.41582274	0.07221219	0.52838933	0.28582805	21700	-0.015854388	0.024073884	-0.0029035006	0.00013688323	1.5854391	-8.378975e-05	0.0	4.0	86.8274781703949	273
217	0.356015	0.13973238	0.5252812	0.0	6.1666665	22.0	11.290113	37.0	3.0	0.34685385	0.16162723	0.5252812	0.0	0.43382263	0.07670816	0.5772225	0.28604335	21800	-0.015554979	0.018236853	-0.0036897436	-0.0008360782	1.5555077	0.0022029877	0.0	4.0	87.1948344707489	273
218	0.37068367	0.14938448	0.6258381	3.330669e-16	4.785714	17.722221	7.9986496	37.0	1.0	0.41037032	0.11827867	0.6258381	3.330669e-16	0.41517282	0.07420266	0.5373572	0.28346753	21900	-0.015716568	0.008319795	-0.0020322949	-0.0001227532	1.5716535	-2.9549527e-05	0.0	4.0	87.5434341430664	288
219	0.50819516	0.21722737	0.8549061	0.08377622	6.1538463	16.133333	9.687564	33.0	0.0	0.53548485	0.19871882	0.8549061	0.08377622	0.40409538	0.06939331	0.5100017	0.28065535	22000	-0.015667476	0.027492482	-0.0022626715	4.403526e-05	1.5667531	0.0003880167	0.0	4.0	87.88807964324951	291
220	0.34143028	0.14877014	0.6419017	2.220446e-16	4.0555553	16.428572	8.748178	31.0	4.0	0.36929882	0.11981508	0.6419017	2.220446e-16	0.40628648	0.077004194	0.55296624	0.2817366	22100	-0.015645567	0.008802283	-0.0011494253	0.00014960638	1.5645576	-0.0004033041	0.0	4.0	88.26596140861511	265
221	0.33078194	0.24281318	0.7954113	0.0	5.133333	22.4375	8.674451	36.0	9.0	0.35701805	0.2371245	0.7954113	0.0	0.39566588	0.06991982	0.5070116	0.28301826	22200	-0.01574833	0.029629922	-0.0028077867	-0.00012917048	1.5748332	0.0008781624	0.0	4.0	88.63618302345276	271
222	0.4120369	0.16872835	0.66824496	0.040380284	4.3125	19.105263	10.641996	37.0	1.0	0.43751755	0.15824817	0.66824496	0.040380284	0.4060315	0.0718404	0.5285195	0.28245327	22300	-0.015635192	0.01406466	-0.0023779618	1.9134372e-05	1.5635191	0.0010497331	0.0	4.0	89.01293778419495	266
223	0.3973826	0.16207536	0.5724008	3.330669e-16	5.9166665	17.857143	12.811028	37.0	0.0	0.40596035	0.117965505	0.5724008	3.330669e-16	0.4103838	0.073905006	0.5541718	0.28224987	22400	-0.015535511	0.007992702	-0.001966563	1.3974612e-05	1.5535533	-6.800651e-05	0.0	4.0	89.43041157722473	241
224	0.3404913	0.16364253	0.5772945	0.02544637	4.928571	22.61111	12.342964	37.0	1.0	0.42671967	0.12597103	0.5772945	0.02544637	0.40933594	0.0779391	0.56002545	0.2821752	22500	-0.01548025	0.008426193	-0.0021790788	2.6635244e-05	1.5480232	0.00036630628	0.0	4.0	89.842782497406	244
225	0.41350576	0.12291774	0.69629437	0.26058978	5.25	19.625	10.445543	36.0	5.0	0.41785568	0.11783959	0.69629437	0.26058978	0.4221441	0.07269409	0.52511406	0.28222257	22600	-0.015410893	0.009732292	-0.0022495128	2.6001595e-05	1.5410881	0.0012165022	0.0	4.0	90.20845913887024	275
226	0.49911672	0.15046097	0.7744949	0.32723725	6.181818	16.857143	7.586239	29.0	1.0	0.4845104	0.13761526	0.7744949	0.32723725	0.40412647	0.06708154	0.5216047	0.28205127	22700	-0.015696267	0.014628712	-0.0019118681	-0.00033010202	1.5696223	-0.00021540408	0.0	4.0	90.5992202758789	258
227	0.5114527	0.17177439	0.86307466	0.31894368	5.6153846	18.294117	11.028117	35.0	0.0	0.5278414	0.15563403	0.86307466	0.31894368	0.4206086	0.07738061	0.53783107	0.2792822	22800	-0.015424758	0.018884301	-0.0030727945	-0.0008481615	1.5424848	-0.00018910889	0.0	4.0	90.96736288070679	273
228	0.31170943	0.21533705	0.68452036	0.0	5.9166665	21.533333	9.294204	34.0	4.0	0.35399756	0.2086691	0.68452036	0.0	0.43985203	0.0849787	0.55190516	0.28715998	22900	-0.015167147	0.024574196	-0.004580848	0.00030218542	1.5167155	0.002179997	0.0	4.0	91.40772795677185	228
229	0.42588	0.21407074	0.6960095	3.330669e-16	5.3076925	21.705883	11.508384	36.0	1.0	0.45759958	0.16047144	0.6960095	3.330669e-16	0.43314496	0.07827048	0.5688454	0.28861758	23000	-0.015440248	0.014924985	-0.0026923623	2.6971684e-05	1.5440266	0.0001402616	0.0	4.0	91.80691957473755	252
230	0.43990177	0.11789957	0.7029813	0.31718007	5.0	14.882353	11.044734	35.0	1.0	0.4650144	0.10261827	0.7029813	0.31718007	0.43448296	0.084512606	0.5548554	0.28881782	23100	-0.015266053	0.009289434	-0.0010547768	-2.970593e-05	1.5266032	0.00030589104	0.0	4.0	92.23149800300598	236
231	0.39064336	0.19091538	0.64543825	0.0119999135	4.1875	16.2	10.805554	34.0	0.0	0.4437903	0.14749959	0.64543825	0.0119999135	0.43173322	0.08599584	0.55873847	0.28945044	23200	-0.01527364	0.011922339	-0.0029208213	-2.0614825e-06	1.5273627	0.0023458814	0.0	4.0	92.62979388237	252
232	0.4072768	0.11535467	0.73633003	0.3281483	5.857143	20.529411	9.468944	36.0	2.0	0.41990823	0.1244579	0.73633003	0.3281483	0.43753326	0.08320649	0.59232354	0.29007578	23300	-0.015194684	0.010362028	-0.0013660416	-2.4394947e-05	1.5194687	0.00057471514	0.0	4.0	93.02634692192078	254
233	0.44465053	0.089122035	0.6077265	0.33349243	7.0	16.071428	10.713571	35.0	1.0	0.45141694	0.08765698	0.6077265	0.33349243	0.44522178	0.08402382	0.5778699	0.28968504	23400	-0.015129507	0.007005111	-0.0023307875	-5.183072e-05	1.5129509	-0.00042773006	0.0	4.0	93.3559148311615	305
234	0.4607922	0.19322567	0.71043396	3.330669e-16	5.133333	18.055555	9.611753	34.0	4.0	0.50293213	0.16288354	0.71043396	3.330669e-16	0.43376628	0.08399122	0.5829966	0.28873312	23500	-0.015141685	0.016597964	-0.0014055986	-0.00011777785	1.5141668	0.00025469065	0.0	4.0	93.76238965988159	247
235	0.44371682	0.09513727	0.6469447	0.33140576	4.625	14.631579	9.009998	31.0	1.0	0.46669415	0.0875314	0.6469447	0.33140576	0.4285241	0.07874684	0.5461928	0.28947905	23600	-0.015307501	0.0069302088	-0.0019872226	-7.442286e-05	1.5307491	0.000824852	0.0	4.0	94.16894555091858	248
236	0.41610363	0.10746014	0.6404497	0.31890702	6.5454545	17.142857	8.895081	31.0	2.0	0.41999304	0.09312355	0.6404497	0.31890702	0.44497424	0.08579859	0.5780514	0.29123062	23700	-0.015106842	0.0082936	-0.0017356202	-3.6046607e-05	1.5106878	-0.0003974962	0.0	4.0	94.57111430168152	252
237	0.37733158	0.18787451	0.6499975	3.330669e-16	5.0	15.235294	9.564207	33.0	0.0	0.42009783	0.13419302	0.6499975	3.330669e-16	0.44429886	0.08464285	0.58711934	0.29150993	23800	-0.015231177	0.010636039	-0.0010732766	-0.00022341724	1.5231173	4.1508672e-05	0.0	4.0	95.00411915779114	233
238	0.40247354	0.20405035	0.7454253	3.330669e-16	4.5	22.052631	9.3947	36.0	4.0	0.44047084	0.17284608	0.7454253	3.330669e-16	0.43904042	0.086212	0.5756389	0.29042286	23900	-0.015174817	0.016451826	-0.0025905743	-2.0868378e-05	1.5174812	0.000679822	0.0	4.0	95.38610649108887	263
239	0.4237864	0.1513485	0.7217562	0.117537595	6.3333335	17.266666	10.253238	31.0	1.0	0.44959828	0.10963509	0.7217562	0.117537595	0.42567524	0.0777263	0.569308	0.28939036	24000	-0.01519154	0.009238654	-0.0015068334	1.0192394e-05	1.5191543	0.0012917328	0.0	4.0	95.75598883628845	271
240	0.32923505	0.16833957	0.6026927	0.0	6.230769	17.75	9.640409	33.0	1.0	0.33680758	0.17521277	0.6026927	0.0	0.4144805	0.07669808	0.5425958	0.2710597	24100	-0.015289903	0.020475226	-0.0028014965	-0.0007774683	1.5289878	0.0016908359	0.0	4.0	96.14178276062012	260
241	0.4163695	0.18622638	0.8257676	3.330669e-16	5.0	21.11111	8.198163	34.0	1.0	0.44821924	0.14769532	0.8257676	3.330669e-16	0.415129	0.07821857	0.5531825	0.27769846	24200	-0.015185423	0.01253535	-0.0017833002	0.00019532727	1.5185442	-0.0005044556	0.0	4.0	96.50747895240784	275
242	0.3822504	0.20527044	0.7226551	3.330669e-16	5.357143	14.222222	10.162871	35.0	1.0	0.44798777	0.17443323	0.7226551	3.330669e-16	0.40627626	0.07611563	0.5237162	0.23802358	24300	-0.015075576	0.01790098	-0.0026883548	1.1445256e-05	1.5075595	1.3051031e-05	0.0	4.0	96.85539102554321	289
243	0.43406504	0.12277931	0.6962102	0.31235406	4.75	17.6	8.386895	31.0	2.0	0.43090865	0.11356459	0.6962102	0.31235406	0.41640735	0.07691114	0.57447606	0.2861959	24400	-0.01511436	0.009047127	-0.0011091765	3.1246338e-05	1.5114365	0.0019241285	0.0	4.0	97.26588273048401	244
244	0.45706168	0.13087533	0.70299286	0.31718007	5.0	18.11111	11.0849695	37.0	1.0	0.46607912	0.1213654	0.70299286	0.31718007	0.41742444	0.0709072	0.5211498	0.2868416	24500	-0.0151197575	0.010480916	-0.0020805635	-0.00010826578	1.5119767	0.00087599276	0.0	4.0	97.68383359909058	240
245	0.40418482	0.14030015	0.725366	0.16252103	5.285714	19.941177	10.524317	37.0	1.0	0.425501	0.14154504	0.725366	0.16252103	0.42216828	0.076069064	0.56641537	0.28827295	24600	-0.015028998	0.01176183	-0.0015603229	2.3407687e-05	1.5029036	-0.00015673875	0.0	4.0	98.06363081932068	264
246	0.45502618	0.1200778	0.65055263	0.310074	6.0833335	20.6	11.683607	37.0	2.0	0.46644074	0.11559103	0.65055263	0.310074	0.41789693	0.07482996	0.5478556	0.28940046	24700	-0.014850959	0.011376757	-0.004945224	-0.0002459052	1.4850932	0.00036447507	0.0	4.0	98.412269115448	288
247	0.49996302	0.13503893	0.6953933	0.31718007	6.0	18.125	11.224277	35.0	0.0	0.50314975	0.12815976	0.6953933	0.31718007	0.41846398	0.07553409	0.554175	0.27964386	24800	-0.0149691105	0.014546051	-0.00054639205	-0.0007109352	1.4969145	-0.0020011044	0.0	4.0	98.77052021026611	280
248	0.36921832	0.17429098	0.7065457	3.330669e-16	5.8333335	19.25	11.792477	37.0	1.0	0.3735818	0.16105904	0.7065457	3.330669e-16	0.44144005	0.07988346	0.59416956	0.29339603	24900	-0.014872983	0.019643396	-0.00168238	0.00025515072	1.4873016	0.0010176729	0.0	4.0	99.10908555984497	297
249	0.40761837	0.17687646	0.7318393	3.330669e-16	5.357143	17.470589	11.109708	36.0	1.0	0.44582805	0.15681468	0.7318393	3.330669e-16	0.43639705	0.07664345	0.5683287	0.29375204	25000	-0.015037252	0.012417578	-0.002145445	-1.3873563e-05	1.5037253	0.00036743638	0.0	4.0	99.45397663116455	291
250	0.40363234	0.16130468	0.6660387	3.330669e-16	5.357143	20.555555	11.061556	36.0	1.0	0.43669987	0.12892395	0.6660387	3.330669e-16	0.43314937	0.07873153	0.5482807	0.29287252	25100	-0.014910221	0.010461944	-0.0015918585	-3.3055316e-05	1.4910188	-8.9072855e-06	0.0	4.0	99.81985092163086	274
251	0.4288783	0.1550253	0.5798012	3.330669e-16	5.285714	13.166667	8.281506	30.0	2.0	0.46109298	0.119247936	0.5798012	3.330669e-16	0.43197173	0.08068798	0.5704985	0.2923782	25200	-0.0146520585	0.009449378	-0.0028685797	1.5548663e-05	1.4652077	0.0012378216	0.0	4.0	100.1981873512268	265
252	0.4188651	0.18395795	0.7278882	3.330669e-16	5.5833335	15.875	10.409581	37.0	1.0	0.46035063	0.1315701	0.7278882	3.330669e-16	0.43823865	0.077793576	0.55930805	0.29262352	25300	-0.014692955	0.009931784	-0.0035858778	1.4496036e-05	1.4692943	-7.593626e-06	0.0	4.0	100.57169771194458	269
253	0.38989606	0.17570166	0.7375299	3.330669e-16	6.6666665	15.1875	9.328845	32.0	0.0	0.44563147	0.1574154	0.7375299	3.330669e-16	0.4345125	0.078702204	0.57058954	0.29350173	25400	-0.014729856	0.015321349	-0.0028213877	5.1634037e-05	1.4729872	-0.0010117411	0.0	4.0	100.90219068527222	305
254	0.36267	0.1458257	0.6953837	0.0	5.571429	13.6875	11.026778	32.0	1.0	0.34910175	0.17689475	0.6953837	0.0	0.43569073	0.084952146	0.5807587	0.28410408	25500	-0.01450792	0.020294352	-0.009007113	-0.0011729746	1.4507965	0.001212492	0.0	4.0	101.2643232345581	277
255	0.47231296	0.14454249	0.6733051	0.22257665	5.357143	17.941177	12.3881855	37.0	3.0	0.48645172	0.123934865	0.6733051	0.22257665	0.41867664	0.07596395	0.54655564	0.29199204	25600	-0.014803171	0.012457509	-0.002162438	0.00046403956	1.4803193	7.71475e-05	0.0	4.0	101.62838506698608	276
256	0.39038733	0.22183149	0.8757187	3.330669e-16	4.0588236	18.571428	10.219362	35.0	0.0	0.43054363	0.20052627	0.8757187	3.330669e-16	0.41689003	0.081008606	0.5538146	0.2730599	25700	-0.014586456	0.019710863	-0.0043807477	3.6109937e-05	1.458646	0.00047443865	0.0	4.0	102.0021345615387	269
257	0.4273617	0.08298148	0.5639648	0.32903773	6.818182	16.642857	10.627505	35.0	3.0	0.42273986	0.08435104	0.5639648	0.31460398	0.42097464	0.076638564	0.53044564	0.23823	25800	-0.014535934	0.0063937083	0.00027159974	2.1100044e-05	1.4535936	0.0015123701	0.0	4.0	102.33746457099915	300
258	0.40345863	0.18492448	0.75312793	0.008734087	6.181818	18.0	9.380832	36.0	2.0	0.4193041	0.15308575	0.75312793	0.008734087	0.41680995	0.077419035	0.5560534	0.2386127	25900	-0.014579296	0.01360223	-0.0036440324	-8.150702e-06	1.4579254	0.0017266535	0.0	4.0	102.65636134147644	315
259	0.39671198	0.12280408	0.62080824	0.11205913	4.4666667	17.894737	10.745353	34.0	2.0	0.42844036	0.10646062	0.62080824	0.11205913	0.41999996	0.07452073	0.5418176	0.2918105	26000	-0.014723599	0.007389098	-0.0020768605	-4.185713e-06	1.472359	-0.0012120556	0.0	4.0	103.00990009307861	284
260	0.43157646	0.16211781	0.6671586	3.330669e-16	5.0	23.444445	10.078703	37.0	3.0	0.4600892	0.12669666	0.6671586	3.330669e-16	0.4186548	0.07573319	0.54410857	0.2914487	26100	-0.014591299	0.009956542	-0.0037325062	3.0389056e-05	1.4591327	-0.0006564666	0.0	4.0	103.37404298782349	276
261	0.46935636	0.19418901	0.71326303	0.02357636	4.875	16.0	10.198039	34.0	2.0	0.4931642	0.1741076	0.71326303	0.02357636	0.41127196	0.07473066	0.53708106	0.26294172	26200	-0.014747143	0.019800732	-0.0023112409	-0.0003062617	1.4747124	0.0007786085	0.0	4.0	103.72960758209229	282
262	0.38761947	0.09624215	0.6122724	0.27686366	5.8333335	17.933332	12.17356	36.0	0.0	0.37774235	0.090952694	0.6122724	0.27686366	0.42265624	0.0702925	0.5365186	0.2944047	26300	-0.014806498	0.0071746446	-0.004908716	8.241157e-06	1.4806488	0.0024383091	0.0	4.0	104.0938549041748	276
263	0.55288166	0.12022559	0.7161654	0.31915575	4.928571	19.941177	9.896349	36.0	5.0	0.5382542	0.13658921	0.7161654	0.2998919	0.4188257	0.074925736	0.5358783	0.29538617	26400	-0.014762025	0.01911413	-0.002712887	-0.00023858808	1.4762033	0.0008613205	0.0	4.0	104.45624589920044	278
264	0.49299538	0.15943103	0.75798213	0.3225273	5.4615383	14.375	7.1403346	28.0	2.0	0.4802115	0.15049675	0.75798213	0.3225273	0.43104714	0.07318843	0.5850941	0.29762745	26500	-0.015037643	0.014719036	-0.0055325483	-0.00019703899	1.5037656	0.0009150886	0.0	4.0	104.80610680580139	287
265	0.40470055	0.16286422	0.6450341	3.330669e-16	4.733333	17.526316	11.922418	37.0	0.0	0.4348341	0.13358623	0.6450341	3.330669e-16	0.4308687	0.07742138	0.56827587	0.30111593	26600	-0.01503934	0.009809533	-0.0037388392	2.0553707e-05	1.5039332	0.0029171205	0.0	4.0	105.16361093521118	281
266	0.4306722	0.11482974	0.6199928	0.23649089	5.357143	18.055555	9.330191	36.0	2.0	0.43707478	0.102463804	0.6199928	0.23649089	0.44080773	0.07657665	0.55700874	0.30349794	26700	-0.015046388	0.0073518176	-0.0059982566	-5.476526e-05	1.5046399	0.0030388786	0.0	4.0	105.54442572593689	264
267	0.435283	0.1092599	0.605949	0.19899513	4.352941	14.333333	10.082203	35.0	0.0	0.43705145	0.094396405	0.605949	0.19899513	0.4327965	0.08032276	0.5734554	0.30440226	26800	-0.015169181	0.006910363	-0.0023330823	-0.00012027903	1.5169182	-0.00068448536	0.0	4.0	105.90421223640442	279
268	0.41003004	0.19057289	0.64685524	3.330669e-16	4.2941175	21.15	10.603183	37.0	4.0	0.43804005	0.14223485	0.64685524	3.330669e-16	0.4336387	0.079613976	0.5786002	0.30460078	26900	-0.015250712	0.012485537	-0.0005983028	-6.213749e-05	1.5250723	-0.00089022634	0.0	4.0	106.29547715187073	256
269	0.437644	0.11188168	0.6402051	0.19343466	4.25	16.5	8.605231	33.0	2.0	0.42678496	0.102885254	0.6402051	0.19343466	0.42720056	0.07706547	0.54200006	0.30455908	27000	-0.015162189	0.008856629	-0.001598116	-0.0001091921	1.5162165	0.0007118487	0.0	4.0	106.65541005134583	279
270	0.4309648	0.1847947	0.7471383	3.330669e-16	4.0	19.85	10.301821	37.0	2.0	0.463071	0.14974836	0.7471383	3.330669e-16	0.4120996	0.07098133	0.52742773	0.26570192	27100	-0.015328921	0.012401514	-0.0033306181	8.0008875e-05	1.532891	0.002555258	0.0	4.0	107.0346622467041	265
271	0.37935114	0.14282891	0.5701482	3.330669e-16	5.0	17.777779	9.90822	35.0	2.0	0.3998622	0.12004866	0.5701482	3.330669e-16	0.43133393	0.073779546	0.5615237	0.2786521	27200	-0.015243083	0.009499339	-0.0015088264	-6.626488e-05	1.5243082	0.00027028797	0.0	4.0	107.39789652824402	276
272	0.41932544	0.15114532	0.6281069	0.02709295	4.5882354	19.894737	11.368908	37.0	0.0	0.44344243	0.13696584	0.6281069	0.02709295	0.42221966	0.0734491	0.5517965	0.29314953	27300	-0.015211115	0.011225714	-0.0023114001	2.437341e-05	1.5211118	0.00032023428	0.0	4.0	107.77157211303711	269
273	0.36390114	0.088206366	0.6324665	0.27285153	4.75	14.315789	10.249789	36.0	0.0	0.36799878	0.08731701	0.6324665	0.27285153	0.41277596	0.074247524	0.553165	0.2767617	27400	-0.015204243	0.0066541685	-0.0017636046	-0.00017538364	1.5204202	0.0007957339	0.0	4.0	108.14494228363037	269
274	0.44901264	0.12911306	0.68893707	0.24079694	4.1764708	14.7	9.839207	34.0	0.0	0.47448808	0.11319571	0.68893707	0.24079694	0.42210853	0.07502458	0.5461544	0.2972257	27500	-0.015146151	0.008473493	-0.0034721978	0.00012954941	1.5146182	0.0005248261	0.0	4.0	108.55961346626282	242
275	0.4592371	0.15789407	0.6765273	0.029876348	4.4375	18.0	9.38616	32.0	0.0	0.46591294	0.1357786	0.6765273	0.029876348	0.413194	0.0710458	0.5313431	0.30097932	27600	-0.015270084	0.013039747	-0.0021838509	-7.048773e-05	1.5270064	-0.0005697155	0.0	4.0	108.94140863418579	264
276	0.41504312	0.119465105	0.6469448	0.30727923	4.625	19.31579	12.070201	36.0	1.0	0.4239237	0.115883395	0.6469448	0.30727923	0.42486528	0.07168932	0.5318437	0.30443415	27700	-0.015446797	0.009240505	-0.0013702363	3.6774203e-05	1.5446819	-0.00015514612	0.0	4.0	109.30414366722107	277
277	0.40206283	0.09377222	0.65603536	0.3093182	4.0555553	19.142857	8.166632	35.0	2.0	0.40086085	0.08538966	0.65603536	0.3093182	0.422211	0.07270611	0.58080924	0.30553663	27800	-0.0155104995	0.005841471	-0.0021014754	-3.480655e-05	1.5510515	0.0013112689	0.0	4.0	109.6931962966919	258
278	0.42228442	0.114212	0.6264951	0.18837084	4.6875	19.157894	8.014875	35.0	9.0	0.4343516	0.11375247	0.6264951	0.18837084	0.42026958	0.07441586	0.5429963	0.23562732	27900	-0.015244473	0.009460947	-0.0024544299	5.873153e-07	1.5244485	0.0010281635	0.0	4.0	110.03657722473145	293
279	0.44105294	0.124171436	0.67073286	0.18956184	4.733333	16.736841	12.332422	37.0	0.0	0.45084792	0.11468723	0.67073286	0.18956184	0.41863438	0.078870244	0.5576832	0.24506551	28000	-0.014917985	0.009606557	-0.0011908654	-3.9638253e-05	1.4917935	-0.0008431458	0.0	4.0	110.40008664131165	276
280	0.39386937	0.19190468	0.742212	-0.040793765	5.0666666	17.944445	9.119408	37.0	3.0	0.4126171	0.19536325	0.742212	-0.040793765	0.41357324	0.07747876	0.54429644	0.25407273	28100	-0.014937647	0.022687577	-0.0077554528	-7.9937745e-05	1.4937634	-0.0017592311	0.0	4.0	110.75918960571289	280
281	0.47817376	0.101607025	0.6917066	0.33355096	4.4666667	17.368422	11.347202	35.0	0.0	0.47094804	0.10185641	0.6917066	0.33355096	0.42202157	0.07372738	0.5576787	0.2741004	28200	-0.015047893	0.010309303	-0.004816465	-0.0001967597	1.5047889	-0.0019431283	0.0	4.0	111.10139727592468	293
282	0.41088754	0.16441101	0.79082763	0.16623332	4.0	21.428572	11.966506	36.0	1.0	0.43678665	0.14626329	0.79082763	0.16623332	0.42010915	0.07242566	0.533522	0.30454507	28300	-0.015161343	0.012590832	-0.0063234204	-3.5663717e-05	1.5161352	0.0042103124	0.0	4.0	111.46232318878174	278
283	0.3963019	0.15142716	0.6412916	2.220446e-16	4.0588236	15.7	11.397807	36.0	0.0	0.4046304	0.12989134	0.6412916	2.220446e-16	0.42173836	0.074486256	0.57419086	0.305026	28400	-0.014861286	0.010898054	-0.0059741177	3.7495047e-05	1.4861304	0.0014280367	0.0	4.0	111.85148549079895	258
284	0.36727124	0.13578205	0.59785295	3.330669e-16	4.9333334	18.68421	11.1452265	37.0	2.0	0.397388	0.116391145	0.59785295	3.330669e-16	0.4304771	0.08049007	0.5531801	0.2643779	28500	-0.014715068	0.009190004	-0.0017202515	-0.00013162743	1.4715066	0.0002845002	0.0	4.0	112.19964575767517	288
285	0.37553436	0.1414055	0.6393245	3.330669e-16	4.8	17.631578	10.04312	34.0	2.0	0.4005707	0.11221926	0.6393245	3.330669e-16	0.4235475	0.07018764	0.55093986	0.30283958	28600	-0.015147924	0.008437083	-0.0024111373	-0.00023410155	1.5147936	0.0002643347	0.0	4.0	112.56475043296814	275
286	0.51696086	0.14115836	0.8176673	0.25654	5.4615383	15.235294	11.217263	37.0	2.0	0.4987736	0.13681394	0.8176673	0.25654	0.42511895	0.071306705	0.5255409	0.30037904	28700	-0.01469326	0.014052836	-0.0006685816	9.768893e-05	1.4693291	-0.00054090505	0.0	4.0	112.90732264518738	293
287	0.46555266	0.14520855	0.73843765	0.32697976	5.785714	17.0	8.616844	36.0	6.0	0.46225524	0.146563	0.73843765	0.32697976	0.41930008	0.07029959	0.5313864	0.30022466	28800	-0.014760923	0.013817484	-0.0014101304	-9.933987e-05	1.4760914	-5.827425e-05	0.0	4.0	113.29106545448303	261
288	0.3758735	0.1435618	0.6775704	2.220446e-16	4.647059	14.526316	7.6870937	27.0	3.0	0.38432607	0.11934471	0.6775704	2.220446e-16	0.4132756	0.06891924	0.546752	0.30174094	28900	-0.015207676	0.009662615	-0.0014973702	1.9796891e-05	1.5207658	0.0001181078	0.0	4.0	113.70092725753784	245
289	0.48579708	0.13588938	0.7005961	0.33277753	4.928571	21.666666	7.8031335	37.0	10.0	0.4839099	0.12549247	0.7005961	0.33277753	0.4288057	0.06970758	0.56187487	0.3021167	29000	-0.015018247	0.010735219	-0.0014673299	-3.399665e-05	1.5018198	-0.0006468558	0.0	4.0	114.02602434158325	309
290	0.432322	0.10063896	0.6341506	0.27445522	4.866667	21.11111	11.273809	36.0	1.0	0.43087906	0.09758788	0.6341506	0.27445522	0.41714013	0.06832496	0.5542752	0.30311877	29100	-0.0150202215	0.007966497	-0.0013664109	-2.6140478e-06	1.5020279	-0.00031585456	0.0	4.0	114.37181949615479	290
291	0.44563928	0.13201001	0.70296687	0.33282217	4.857143	19.11111	9.50958	36.0	5.0	0.43044484	0.11226973	0.70296687	0.33282217	0.42380348	0.0687751	0.53633857	0.29750144	29200	-0.015060514	0.007591953	-0.0017139036	-5.4128468e-05	1.5060513	-6.9346395e-05	0.0	4.0	114.72126889228821	287
292	0.43557218	0.10928573	0.62432176	0.30053994	5.357143	17.0	10.9437065	37.0	1.0	0.43315095	0.10647219	0.62432176	0.30053994	0.42188928	0.07138169	0.55055106	0.26769862	29300	-0.014802512	0.007547916	-0.0019392297	-2.5464571e-05	1.4802521	0.00075408455	0.0	4.0	115.07492208480835	284
293	0.44871145	0.11473611	0.64195406	0.26796487	4.733333	16.5	9.376389	37.0	1.0	0.45882842	0.10030467	0.64195406	0.26796487	0.42391914	0.072196715	0.5720456	0.30558944	29400	-0.014844798	0.007815314	-0.0013708957	-3.7276186e-07	1.4844817	-0.00037661078	0.0	4.0	115.41196250915527	298
294	0.38515607	0.08712314	0.5899386	0.24079694	4.5625	18.578947	11.23114	35.0	0.0	0.3989804	0.08481593	0.5899386	0.24079694	0.4128053	0.07687173	0.5276286	0.2572287	29500	-0.014555685	0.0055519175	-0.0019935472	-7.2310213e-06	1.4555678	0.0010368561	0.0	4.0	115.79723691940308	262
295	0.35478678	0.17366369	0.7914706	3.330669e-16	5.0	19.166666	10.062305	35.0	1.0	0.3816805	0.12632203	0.7914706	3.330669e-16	0.4167391	0.06855895	0.55704117	0.30674124	29600	-0.014754489	0.009415921	-0.0026135426	-0.00018261117	1.4754469	0.00078546046	0.0	4.0	116.14083456993103	292
296	0.42082712	0.2148505	0.82066935	3.330669e-16	4.4117646	22.25	11.103491	36.0	2.0	0.46479094	0.19447656	0.82066935	3.330669e-16	0.41990975	0.07203531	0.537524	0.30554894	29700	-0.01483487	0.019491263	-0.0032992952	9.676418e-05	1.4834843	-0.0007806063	0.0	4.0	116.54189848899841	250
297	0.4835471	0.13179894	0.7024678	0.333198	4.866667	20.842106	9.783246	37.0	3.0	0.48434874	0.12637344	0.7024678	0.333198	0.41410545	0.06421027	0.5136417	0.3055062	29800	-0.01496122	0.01193537	-0.004142519	-0.00021791353	1.4961176	-0.00088181975	0.0	4.0	116.91715168952942	267
298	0.5129464	0.12800308	0.7261936	0.33353502	5.0666666	20.055555	11.335648	35.0	0.0	0.49520427	0.13007244	0.7261936	0.33353502	0.42884597	0.070139	0.5564298	0.30756974	29900	-0.0146430805	0.012583305	-0.0016178004	-0.0003000166	1.4643016	-0.0023548317	0.0	4.0	117.28554201126099	272
299	0.43607622	0.11759438	0.64517844	0.3081531	5.5	20.833334	12.526638	37.0	2.0	0.44039443	0.113398634	0.64517844	0.3081531	0.42895356	0.07321364	0.54653275	0.3027327	30000	-0.014611982	0.007639633	-0.0038760179	4.5136432e-05	1.4612014	0.0017318892	0.0	4.0	117.66092157363892	269
