Epoch	AverageEpRet	StdEpRet	MaxEpRet	MinEpRet	EpLen	AverageAct	StdAct	MaxAct	MinAct	AverageRetBuf	StdRetBuf	MaxRetBuf	MinRetBuf	AverageVVals	StdVVals	MaxVVals	MinVVals	TotalEnvInteracts	LossPi	LossV	DeltaLossPi	DeltaLossV	Entropy	KL	ClipFrac	StopIter	Time	FPS
0	0.29818842	0.22616917	0.6564978	0.0	4.857143	11.058824	6.12104	24.0	2.0	0.20820059	0.23103924	0.6564978	0.0	0.078068584	0.015645294	0.10772832	0.034995794	100	-0.01757525	0.034732483	-0.0034543723	-0.0006960909	1.7575253	-3.761772e-05	0.0	4.0	0.3402085304260254	293
1	0.34623688	0.24751523	0.65827805	0.0	6.7	13.923077	9.449962	37.0	1.0	0.2866416	0.24148037	0.65827805	0.0	0.085852034	0.01663074	0.118566915	0.03939285	200	-0.017648622	0.04952595	-0.0016410202	-0.0011677555	1.764861	0.0005109978	0.0	4.0	0.6665959358215332	308
2	0.2919264	0.23540962	0.67113304	0.0	7.7777777	21.0	13.994505	36.0	1.0	0.20626922	0.22266017	0.67113304	0.0	0.09027266	0.014313909	0.12153725	0.05532626	300	-0.01765114	0.031504374	-0.001445204	-0.0006387294	1.7651136	0.00034413816	0.0	4.0	1.0841350555419922	241
3	0.22525616	0.20497729	0.65060097	0.0	4.133333	21.578947	9.252686	37.0	3.0	0.21181758	0.20277734	0.65060097	0.0	0.10033679	0.013306314	0.12762964	0.06456687	400	-0.017543346	0.026721735	-0.0012065861	-0.0005676082	1.7543409	-7.0400245e-05	0.0	4.0	1.453730821609497	272
4	0.24512002	0.18976949	0.5329891	0.0	5.0	15.555555	10.291432	37.0	0.0	0.22704488	0.1925882	0.5329891	0.0	0.10293413	0.014309407	0.13014182	0.06423457	500	-0.01756274	0.026076548	-0.0010122433	-0.00061372947	1.7562776	0.0002154684	0.0	4.0	1.871410846710205	240
5	0.37952653	0.19790033	0.7209952	0.005408227	7.181818	19.133333	8.341597	36.0	3.0	0.37727913	0.18710953	0.7209952	0.005408227	0.11050753	0.0141871385	0.14592949	0.077068344	600	-0.017616794	0.053190667	-0.0009368099	-0.0017275517	1.7616756	0.00028648853	0.0	4.0	2.269031047821045	253
6	0.26569852	0.21801428	0.63936543	-0.05970445	3.6842105	22.681818	10.951905	37.0	0.0	0.3058432	0.21797723	0.63936543	-0.05970445	0.118649445	0.014894126	0.14785634	0.08616562	700	-0.017490566	0.041274562	-0.001058395	-0.0012633423	1.7490487	-2.5114998e-05	0.0	4.0	2.677734851837158	245
7	0.13805494	0.14743033	0.37304986	-0.050004415	4.6	18.736841	11.30832	36.0	0.0	0.1776565	0.14181057	0.37304986	-0.050004415	0.12831494	0.013580023	0.15356582	0.08731532	800	-0.017544433	0.011090903	-0.0014677932	-0.00029116333	1.7544414	0.00043913838	0.0	4.0	3.0501530170440674	270
8	0.11997081	0.17274918	0.44890267	-0.0273623	5.769231	19.588236	9.023231	36.0	5.0	0.108710326	0.16337009	0.44890267	-0.0273623	0.13723789	0.018942488	0.18956849	0.09081228	900	-0.017580539	0.013832977	-0.000700064	0.00010804972	1.7580523	-0.00028714654	0.0	4.0	3.4028689861297607	285
9	0.22737093	0.16516261	0.58938235	-0.04078167	4.9333334	18.944445	11.172746	36.0	0.0	0.1922454	0.16795036	0.58938235	-0.04078167	0.1387451	0.017296484	0.18054165	0.09790384	1000	-0.017563015	0.014466556	-0.0012773382	-0.00012242445	1.7563	8.11529e-05	0.0	4.0	3.783686399459839	264
10	0.27690977	0.19251624	0.5846199	2.220446e-16	5.142857	13.888889	10.257187	35.0	1.0	0.31935367	0.18813266	0.5846199	2.220446e-16	0.14355613	0.01919061	0.19707945	0.09888496	1100	-0.017563261	0.032656845	-0.0013488531	-0.0006632488	1.7563347	0.00030015467	0.0	4.0	4.20676326751709	238
11	0.39751992	0.15415588	0.62928635	0.020301834	5.5833335	20.0	11.494564	36.0	1.0	0.37259465	0.1637868	0.62928635	0.020301834	0.1460299	0.015230681	0.19107428	0.111612976	1200	-0.01759956	0.03917689	-0.0008184407	-0.0012310301	1.759952	4.1861535e-05	0.0	4.0	4.611309289932251	249
12	0.2745888	0.24582848	0.70568913	2.220446e-16	4.266667	20.0	10.622716	37.0	0.0	0.31358564	0.22606051	0.70568913	2.220446e-16	0.15371153	0.015196511	0.19532952	0.12334302	1300	-0.017544642	0.03757986	-0.0009303354	-0.0010041378	1.7544693	-0.00018376826	0.0	4.0	5.053499460220337	227
13	0.32161683	0.21041097	0.74793345	0.0	8.571428	15.272727	11.434325	32.0	0.0	0.269699	0.20548159	0.74793345	0.0	0.16569592	0.018716812	0.22365412	0.12832506	1400	-0.017690226	0.027252613	-0.0011157813	-0.0006209238	1.7690203	-0.0001607418	0.0	4.0	5.349998712539673	339
14	0.31083888	0.15601894	0.49009964	0.0	6.2727275	17.866667	9.365658	33.0	3.0	0.2657627	0.15695938	0.49009964	0.0	0.16876385	0.016494967	0.21722329	0.12845299	1500	-0.017615765	0.01643743	-0.0011712648	-0.00047465344	1.761577	0.00011876583	0.0	4.0	5.726111173629761	267
15	0.3052184	0.20116878	0.738305	3.330669e-16	3.6111112	22.545454	10.684429	37.0	3.0	0.31618327	0.19415374	0.738305	3.330669e-16	0.17310618	0.017165663	0.22374025	0.14012572	1600	-0.017489776	0.029098764	-0.0012002359	-0.0007004251	1.7489735	-0.00043700216	0.0	4.0	6.15129017829895	236
16	0.4198593	0.2162327	0.7068162	3.330669e-16	6.0	18.941177	11.201212	37.0	2.0	0.45757294	0.18154967	0.7068162	3.330669e-16	0.18326971	0.01990446	0.23240584	0.1458483	1700	-0.017579079	0.05407116	-0.0010416955	-0.0018016007	1.7579255	-0.0002682209	0.0	4.0	6.54521632194519	255
17	0.3051904	0.17048101	0.6145673	0.0	6.4166665	17.6	11.09234	37.0	1.0	0.29326898	0.17181751	0.6145673	0.0	0.19021629	0.020753384	0.26043665	0.15267202	1800	-0.017616764	0.019937346	-0.0010554679	-0.0006569782	1.7616708	3.8733473e-05	0.0	4.0	6.908995151519775	276
18	0.3129756	0.15787539	0.5155705	3.330669e-16	6.090909	15.333333	9.162726	37.0	4.0	0.29882267	0.14940533	0.5155705	3.330669e-16	0.19992203	0.021657983	0.25519943	0.1626759	1900	-0.017614663	0.015957575	-0.0009769499	-0.00055087847	1.7614675	-0.00012307643	0.0	4.0	7.287509202957153	266
19	0.18612649	0.19927464	0.6762982	0.0	3.4444444	17.857143	10.588789	36.0	1.0	0.20530434	0.16752544	0.6762982	0.0	0.20018743	0.021796996	0.25154573	0.15646209	2000	-0.017505229	0.013754564	-0.0009044409	-6.8910886e-06	1.7505178	-0.00018538951	0.0	4.0	7.720200777053833	232
20	0.35686386	0.11173604	0.63507366	0.16743289	5.0666666	20.444445	11.166529	35.0	0.0	0.35000396	0.11556186	0.63507366	0.16743289	0.21085861	0.023681194	0.26778096	0.16036889	2100	-0.0175599	0.016598387	-0.00089585036	-0.00052625284	1.7559872	-0.0002975607	0.0	4.0	8.210793256759644	204
21	0.23740011	0.21477273	0.6465948	-0.032436583	4.4666667	13.684211	12.264852	36.0	0.0	0.26658636	0.20836791	0.6465948	-0.032436583	0.21863426	0.028513227	0.2906152	0.17828411	2200	-0.017540306	0.022333786	-0.0010866523	-0.00017689983	1.7540293	-0.00028396607	0.0	4.0	8.7201247215271	197
22	0.26395285	0.18587232	0.57748437	0.0	7.3636365	20.133333	9.401182	34.0	2.0	0.21965429	0.1802341	0.57748437	0.0	0.22208664	0.028576983	0.3004044	0.17804952	2300	-0.017611966	0.017384995	-0.0012754425	2.6853522e-05	1.7611957	0.000110044464	0.0	4.0	9.209986448287964	206
23	0.31716526	0.14870992	0.6070713	3.330669e-16	4.133333	18.666666	11.125546	37.0	0.0	0.3296772	0.13513926	0.6070713	3.330669e-16	0.21608488	0.025766335	0.28910124	0.17784798	2400	-0.017559543	0.015402594	-0.0012387834	-0.0002872229	1.7559447	-0.0002943516	0.0	4.0	9.750781059265137	186
24	0.34773937	0.16958383	0.62035495	3.330669e-16	4.8	14.944445	10.330496	35.0	0.0	0.38781303	0.15264717	0.62035495	3.330669e-16	0.22951859	0.028001914	0.2803522	0.18659456	2500	-0.01755733	0.02354427	-0.0010718843	-0.00066866237	1.7557278	-0.00018061638	0.0	4.0	10.235364437103271	207
25	0.22737072	0.21430951	0.6447275	0.0	4.2352943	18.578947	9.879889	37.0	2.0	0.22270814	0.21823744	0.6447275	0.0	0.22846946	0.028619155	0.28187653	0.18663953	2600	-0.017541498	0.024899881	-0.0011501983	4.703272e-05	1.754148	-0.00019608017	0.0	4.0	10.770527839660645	187
26	0.27994516	0.16073704	0.5347355	3.330669e-16	4.714286	16.117647	9.221984	31.0	2.0	0.30252627	0.13957943	0.5347355	3.330669e-16	0.23456821	0.028645478	0.3062285	0.1937152	2700	-0.017576337	0.011920472	-0.0010336172	-0.00019204628	1.7576327	-0.00018828872	0.0	4.0	11.264856815338135	204
27	0.34002504	0.16985865	0.5740929	0.0	5.214286	14.888889	7.578397	29.0	0.0	0.31098837	0.17521022	0.5740929	0.0	0.231842	0.027776446	0.29912192	0.18273638	2800	-0.017559677	0.01958011	-0.00080958754	-0.000207501	1.7559632	0.00011090757	0.0	4.0	11.7014319896698	232
28	0.35212326	0.22958596	0.6452786	0.0	6.5833335	18.266666	7.187644	28.0	3.0	0.29950738	0.24328879	0.6452786	0.0	0.24426998	0.030473758	0.31880486	0.18585254	2900	-0.017612174	0.03156127	-0.0011805408	-0.0001426884	1.7612207	4.5142195e-05	0.0	4.0	12.120651721954346	240
29	0.35710344	0.18972278	0.6402297	3.330669e-16	4.125	19.578947	11.301214	36.0	1.0	0.37871745	0.1673641	0.6402297	3.330669e-16	0.24370685	0.03061529	0.30330008	0.1990881	3000	-0.017540231	0.023492116	-0.00075976364	-0.00048391055	1.7540214	-1.9721985e-05	0.0	4.0	12.578803062438965	220
30	0.19776863	0.16583993	0.45617405	-0.008733977	3.75	18.9	11.326518	35.0	0.0	0.2471542	0.15565431	0.45617405	-0.008733977	0.24790676	0.03320401	0.3372143	0.20328513	3100	-0.01752036	0.01088069	-0.0016953116	-7.4576237e-06	1.7520372	-1.7309183e-05	0.0	4.0	13.147273778915405	176
31	0.36347824	0.2069393	0.7916612	3.330669e-16	3.9411764	17.380953	11.986009	37.0	0.0	0.35271272	0.17026012	0.7916612	3.330669e-16	0.25048724	0.032933995	0.3209908	0.20570743	3200	-0.01750318	0.020064067	-0.0016036425	-0.00029699504	1.7503214	-0.0002109289	0.0	4.0	13.627825498580933	209
32	0.32165888	0.22491117	0.723986	3.330669e-16	4.0625	20.421053	12.533391	37.0	0.0	0.3614231	0.19739975	0.723986	3.330669e-16	0.25562966	0.035806432	0.33825547	0.20812458	3300	-0.017537804	0.024067638	-0.0012303591	-0.00042232662	1.7537798	0.00013800143	0.0	4.0	14.110466241836548	208
33	0.23111583	0.17806126	0.5383262	0.0	4.75	18.65	10.817925	36.0	2.0	0.20917724	0.18337023	0.5383262	0.0	0.2626815	0.0389021	0.34843177	0.21113262	3400	-0.017519712	0.020306269	-0.0013830587	0.00017099199	1.7519693	7.387638e-05	0.0	4.0	14.502367496490479	256
34	0.26359844	0.182018	0.6925864	3.330669e-16	4.625	24.0	10.356793	37.0	1.0	0.31783438	0.15429689	0.6925864	3.330669e-16	0.26247564	0.03487265	0.33914465	0.21195605	3500	-0.017535876	0.012425531	-0.0011559459	-9.743334e-05	1.7535877	7.68137e-05	0.0	4.0	14.946118831634521	226
35	0.23743944	0.16096517	0.49891874	0.0	5.0	16.5	9.4882965	37.0	5.0	0.28262424	0.11808671	0.49891874	0.0	0.27133653	0.036409248	0.36856586	0.2141228	3600	-0.017551586	0.006493522	-0.0011663055	-1.6038452e-05	1.7551599	-4.2257307e-05	0.0	4.0	15.3240966796875	266
36	0.2619341	0.21107852	0.6321613	3.330669e-16	3.6666667	18.173914	10.8172655	37.0	3.0	0.33117473	0.2014102	0.6321613	3.330669e-16	0.26096886	0.034500808	0.33154267	0.21530975	3700	-0.017461114	0.020962225	-0.001435332	-0.00016482465	1.746115	0.0005514622	0.0	4.0	15.741313219070435	240
37	0.35112268	0.21995687	0.6354178	0.0	5.0666666	18.055555	8.598916	35.0	3.0	0.3387882	0.2098241	0.6354178	0.0	0.27375785	0.03666955	0.3403928	0.21683882	3800	-0.017550379	0.024370184	-0.00081382785	-0.00015355903	1.7550359	-6.843568e-05	0.0	4.0	16.122133493423462	264
38	0.29913083	0.2110008	0.63880503	0.022798104	4.357143	15.555555	9.838824	36.0	0.0	0.3032554	0.1801225	0.63880503	0.022798104	0.27291733	0.036933273	0.3461663	0.21885233	3900	-0.01754962	0.016550146	-0.0010375306	-6.730255e-05	1.7549603	0.00016070365	0.0	4.0	16.526649236679077	249
39	0.32570428	0.16614865	0.51041746	3.330669e-16	5.125	19.647058	10.638118	36.0	5.0	0.34826574	0.15362391	0.51041746	3.330669e-16	0.28028938	0.038633313	0.36961356	0.22070879	4000	-0.017564096	0.013004424	-0.0016209967	-0.0001918812	1.7564123	0.00021368504	0.0	4.0	17.192708730697632	150
40	0.39683574	0.19818144	0.6965238	0.023362217	4.5	16.45	8.868342	32.0	0.0	0.4038221	0.18786447	0.6965238	0.023362217	0.27925107	0.039715506	0.3558358	0.2227687	4100	-0.017510075	0.024875365	-0.001373589	-0.00051321345	1.7510095	0.00019178391	0.0	4.0	17.782005548477173	171
41	0.325787	0.21951917	0.6870883	3.330669e-16	4.0	20.0	12.747549	37.0	0.0	0.35276517	0.17766148	0.6870883	3.330669e-16	0.28117663	0.040481605	0.36786097	0.22583228	4200	-0.017507143	0.016916256	-0.0015389426	-0.00033640658	1.7507159	-0.00023545742	0.0	4.0	18.315396308898926	189
42	0.18894193	0.2644961	0.61510724	-0.13547422	4.352941	20.333334	9.473438	37.0	1.0	0.23114166	0.26067585	0.61510724	-0.13547422	0.28651464	0.0416814	0.3787303	0.22923096	4300	-0.017487451	0.034942612	-0.0014850181	0.00015663961	1.7487466	-1.904487e-05	0.0	4.0	19.07484722137451	132
43	0.23828919	0.1882895	0.58833903	2.220446e-16	5.357143	17.166666	11.772142	35.0	0.0	0.3209798	0.16547024	0.58833903	2.220446e-16	0.3020515	0.044604667	0.3921522	0.23105629	4400	-0.01753676	0.012487833	-0.002109535	-4.6890345e-05	1.7536776	0.00022280216	0.0	4.0	19.763930082321167	146
44	0.37577406	0.17368628	0.6227756	3.330669e-16	5.4166665	18.0625	8.317668	36.0	3.0	0.40172338	0.13423102	0.6227756	3.330669e-16	0.3017074	0.041309945	0.37964368	0.2320228	4500	-0.017570227	0.014168119	-0.0010674102	-0.00026132516	1.7570245	-0.0003136396	0.0	4.0	20.331139087677002	178
45	0.2548165	0.1560116	0.5642816	0.0	4.0	21.666666	11.289832	36.0	0.0	0.24409737	0.16093518	0.5642816	0.0	0.30107155	0.044624664	0.38430494	0.23388083	4600	-0.01747716	0.01663713	-0.00091993436	0.00011109642	1.7477157	0.0005743742	0.0	4.0	20.877049922943115	184
46	0.2702881	0.23574442	0.7029546	0.0	6.181818	19.0	10.56409	36.0	3.0	0.32846022	0.21354674	0.7029546	0.0	0.31736365	0.047504302	0.40501028	0.23483337	4700	-0.017580837	0.023197096	-0.0007128464	-1.0926742e-05	1.7580826	9.061336e-05	0.0	4.0	21.38167953491211	199
47	0.31387675	0.17753112	0.6159299	3.330669e-16	4.0526314	21.952381	10.616591	37.0	1.0	0.34970647	0.14890577	0.6159299	3.330669e-16	0.29652336	0.043132763	0.3800377	0.2350474	4800	-0.017473854	0.0127152605	-0.0011208579	-4.7394307e-05	1.7473906	-0.00013392925	0.0	4.0	21.89116096496582	197
48	0.3617755	0.22032657	0.7207029	3.330669e-16	5.5454545	17.333334	9.371351	33.0	5.0	0.385628	0.15566541	0.7207029	3.330669e-16	0.31317952	0.04657037	0.4151886	0.23583542	4900	-0.017575473	0.015464087	-0.000981465	-0.00016088343	1.7575502	0.00020943163	0.0	4.0	22.368435859680176	210
49	0.3079698	0.18332487	0.5831815	0.0	7.8	17.692308	10.629311	37.0	2.0	0.31689742	0.16632013	0.5831815	0.0	0.325672	0.04828365	0.4138904	0.23579812	5000	-0.017605439	0.015113097	-0.0010676098	4.1848107e-05	1.7605488	0.00030790805	0.0	4.0	22.868895769119263	204
50	0.37623087	0.24742663	0.75783896	0.0	6.75	17.857143	11.813171	36.0	0.0	0.4091172	0.24997482	0.75783896	0.0	0.3210911	0.045724202	0.4007795	0.23887464	5100	-0.01758863	0.035559162	-0.0010721963	-0.00023338012	1.7588646	-0.0004777813	0.0	4.0	23.430617570877075	180
51	0.25000116	0.18917528	0.6588733	-0.03285466	3.3333333	19.736841	11.543246	37.0	0.0	0.3328392	0.18622476	0.6588733	-0.03285466	0.3140201	0.0503685	0.41750136	0.24066213	5200	-0.017495375	0.015855387	-0.0011479296	-6.5812375e-05	1.7495416	7.109165e-05	0.0	4.0	23.926654815673828	202
52	0.2467288	0.21807992	0.7020726	0.0	5.5	17.9375	10.744002	35.0	0.0	0.2623042	0.21254487	0.7020726	0.0	0.3260181	0.0508434	0.42457244	0.24258962	5300	-0.01754421	0.025853138	-0.0008031316	4.7600828e-05	1.754424	0.0003461504	0.0	4.0	24.367730140686035	228
53	0.38035965	0.2974677	0.8466672	0.0	7.5555553	16.615385	12.086473	36.0	1.0	0.41315576	0.26454583	0.8466672	0.0	0.34044167	0.052611254	0.4199577	0.24293244	5400	-0.017591752	0.0363274	-0.0017205887	-7.56667e-05	1.7591724	-0.00011328221	0.0	4.0	24.78559970855713	240
54	0.3420114	0.16226783	0.6487875	3.330669e-16	4.0	20.142857	11.7241535	37.0	0.0	0.39605704	0.13926621	0.6487875	3.330669e-16	0.314908	0.049449928	0.42410028	0.24361655	5500	-0.017454505	0.012035337	-0.0013213614	-0.00025340595	1.7454463	-9.26161e-05	0.0	4.0	25.287087202072144	200
55	0.33402073	0.23124108	0.6734569	0.0	3.6666667	20.045454	9.387987	36.0	4.0	0.40346318	0.2081312	0.6734569	0.0	0.31185603	0.048509974	0.41057557	0.2456473	5600	-0.017438121	0.02349196	-0.001584677	-0.00041754497	1.7438151	0.00042937754	0.0	4.0	25.77285623550415	207
56	0.32756042	0.21883294	0.6571541	0.0	7.2727275	16.533333	11.359969	36.0	1.0	0.29039937	0.2341719	0.6571541	0.0	0.3396538	0.05412426	0.4521653	0.24865212	5700	-0.017549455	0.0305514	-0.0011314228	0.00018946687	1.7549484	-0.00021360395	0.0	4.0	26.210069179534912	229
57	0.2917141	0.15706615	0.47801536	-0.014106164	5.0	18.055555	10.813943	36.0	1.0	0.2956542	0.16810356	0.47801536	-0.014106164	0.33943444	0.05848951	0.46650416	0.25029925	5800	-0.0174966	0.01671106	-0.0013467595	-2.913765e-05	1.7496634	-2.1882071e-05	0.0	4.0	26.70822024345398	203
58	0.28091076	0.20171843	0.65248334	3.330669e-16	3.75	17.5	8.66314	33.0	0.0	0.36247504	0.16056873	0.65248334	3.330669e-16	0.32813483	0.052400876	0.42210233	0.25012094	5900	-0.01745829	0.011390116	-0.0017327568	1.9856961e-06	1.7458307	-7.010461e-05	0.0	4.0	27.151891231536865	226
59	0.22704124	0.19517566	0.5527044	0.0	4.0	21.73913	11.241296	37.0	2.0	0.26256678	0.19981818	0.5527044	0.0	0.325899	0.05507105	0.43375683	0.25011146	6000	-0.017400041	0.02188762	-0.002157271	-6.808946e-05	1.7400076	0.0005133724	0.0	4.0	27.639132738113403	206
60	0.19226617	0.18343468	0.47662416	0.0	4.875	16.789474	9.8599615	35.0	4.0	0.19885269	0.18199293	0.47662416	0.0	0.33324695	0.057715844	0.45949614	0.24951512	6100	-0.017463453	0.02907505	-0.0013037212	-0.00061939936	1.7463505	0.00020950791	0.0	4.0	28.09941601753235	218
61	0.37498537	0.190022	0.755185	0.100075305	6.6666665	19.933332	10.993735	36.0	1.0	0.39960662	0.18500789	0.755185	0.100075305	0.3356921	0.051164567	0.44138217	0.246728	6200	-0.01752372	0.0194567	-0.0017852099	0.00016429776	1.7523725	0.00032753946	0.0	4.0	28.506575345993042	246
62	0.29353845	0.23105784	0.6448651	3.330669e-16	4.133333	18.368422	13.518838	35.0	0.0	0.3958309	0.1803728	0.6448651	3.330669e-16	0.31854093	0.04963079	0.44504315	0.24489458	6300	-0.017454788	0.017893404	-0.0013647974	-7.814457e-05	1.7454785	-0.0002937126	0.0	4.0	28.97364354133606	215
63	0.25812083	0.15724611	0.52303624	0.0	4.9333334	19.210526	9.736416	37.0	1.0	0.24404088	0.18084979	0.52303624	0.0	0.3230909	0.049929257	0.41804817	0.24537751	6400	-0.017447144	0.022771832	-0.0023307241	-3.6505517e-06	1.7447184	-9.078503e-05	0.0	4.0	29.43778157234192	217
64	0.32062924	0.21221378	0.65704274	3.330669e-16	4.733333	16.947369	12.236588	37.0	0.0	0.3817905	0.1758919	0.65704274	3.330669e-16	0.32429263	0.050980303	0.40846547	0.24509394	6500	-0.017440379	0.015471502	-0.0016343612	-1.3679964e-06	1.7440377	0.0008014202	0.0	4.0	29.904574632644653	215
65	0.38612258	0.18799387	0.6257545	0.0	7.0	14.583333	11.814245	37.0	1.0	0.35670096	0.17654666	0.6257545	0.0	0.33907554	0.048987444	0.43710613	0.24506427	6600	-0.017539531	0.01735074	-0.001201883	2.2873282e-06	1.7539498	0.00061516755	0.0	4.0	30.321878910064697	241
66	0.27810523	0.21783955	0.6647352	3.330669e-16	4.3125	21.1	11.924344	37.0	2.0	0.34883174	0.17939371	0.6647352	3.330669e-16	0.3215201	0.04863474	0.41520894	0.24567202	6700	-0.017409593	0.015354442	-0.0016737245	-5.2513205e-05	1.7409557	0.0007096291	0.0	4.0	30.801427125930786	209
67	0.18839253	0.20516092	0.6293658	0.0	4.375	17.85	11.879709	37.0	0.0	0.26558158	0.21348171	0.6293658	0.0	0.32519057	0.051492	0.42026109	0.24657594	6800	-0.017400905	0.023830282	-0.0011119619	1.1329888e-05	1.740089	0.00102942	0.0	4.0	31.330427885055542	189
68	0.38529718	0.19197837	0.5857992	3.330669e-16	5.909091	19.533333	11.400974	37.0	0.0	0.43007502	0.13272367	0.5857992	3.330669e-16	0.33927628	0.052401975	0.42547718	0.24646425	6900	-0.017468885	0.012144247	-0.0014544483	-0.00010361895	1.7468917	-0.00017345906	0.0	4.0	31.72717833518982	253
69	0.27396566	0.18929367	0.62921673	3.330669e-16	4.0	15.363636	11.899371	37.0	0.0	0.31739837	0.15930194	0.62921673	3.330669e-16	0.3198615	0.053166464	0.46337563	0.24723528	7000	-0.017354801	0.012188631	-0.0017304905	1.8074294e-05	1.7354778	0.0005180836	0.0	4.0	32.19290828704834	215
70	0.36733925	0.20022736	0.8449942	0.018473037	5.6153846	18.875	12.221268	35.0	1.0	0.4359349	0.19986127	0.8449942	0.018473037	0.33900815	0.05684803	0.43856567	0.24841546	7100	-0.017435461	0.023618517	-0.0018845126	-0.00035823567	1.74355	0.00023382666	0.0	4.0	32.553348541259766	278
71	0.3138532	0.2526215	0.82058454	3.330669e-16	3.8	17.31579	11.769956	37.0	0.0	0.40464926	0.18160722	0.82058454	3.330669e-16	0.3395187	0.058037113	0.4451121	0.25056	7200	-0.017388903	0.0163593	-0.0019040033	-0.00033299974	1.7388948	-6.8793306e-05	0.0	4.0	32.94328856468201	257
72	0.31932926	0.22005814	0.7173548	3.330669e-16	6.6363635	17.333334	11.892108	36.0	0.0	0.4125438	0.19809957	0.7173548	3.330669e-16	0.35475022	0.05694789	0.4503336	0.25362945	7300	-0.017434925	0.01941288	-0.0016563982	-0.00036202127	1.743483	-0.00064415927	0.0	4.0	33.27368402481079	304
73	0.23901592	0.278142	0.75724715	3.330669e-16	4.4615383	19.705883	9.63306	35.0	2.0	0.41998458	0.25465965	0.75724715	3.330669e-16	0.35532853	0.062172364	0.47069532	0.25691766	7400	-0.017386198	0.028971083	-0.0028016195	-0.0005423147	1.7386204	0.0004362153	0.0	4.0	33.644864082336426	270
74	0.35913518	0.19550465	0.6477017	3.330669e-16	4.2941175	20.809525	10.495437	36.0	0.0	0.40082163	0.15715837	0.6477017	3.330669e-16	0.35946137	0.06648208	0.4714801	0.2604863	7500	-0.017317668	0.013402307	-0.0020126104	-0.00017245545	1.7317636	0.00077022077	0.0	4.0	34.06354331970215	239
75	0.25312197	0.19070414	0.5432597	0.0	5.769231	21.0625	13.580633	37.0	0.0	0.240388	0.19455814	0.5432597	0.0	0.37594283	0.06619079	0.49723348	0.2637553	7600	-0.017365307	0.0319836	-0.0018330589	5.919917e-05	1.7365311	0.0007177353	0.0	4.0	34.52977180480957	215
76	0.22411032	0.19915067	0.6242732	-0.049843706	6.25	17.466667	10.95364	33.0	0.0	0.21763997	0.19230044	0.6242732	-0.049843706	0.37194413	0.06465718	0.5126788	0.2635768	7700	-0.017389908	0.034229588	-0.0011750422	-0.0011805163	1.7389879	0.0002053404	0.0	4.0	35.04876208305359	194
77	0.26130623	0.16459273	0.59210956	0.0	6.3076925	20.5	10.440307	37.0	4.0	0.31078544	0.17900895	0.59210956	0.0	0.3674118	0.05998085	0.45794624	0.25969535	7800	-0.017358795	0.01782299	-0.0010043578	-0.0005046979	1.7358768	-8.749979e-06	0.0	4.0	35.530951499938965	209
78	0.33175758	0.21153757	0.7131936	0.0	4.857143	15.888889	8.365863	32.0	3.0	0.320234	0.19996384	0.7131936	0.0	0.3451375	0.057829175	0.45162496	0.25523323	7900	-0.017329447	0.023349993	-0.0011427365	-0.0003035646	1.7329445	0.00067898276	0.0	4.0	36.033339977264404	200
79	0.25474402	0.1862058	0.5835582	0.0	5.2	16.777779	11.815975	36.0	0.0	0.23100576	0.18574479	0.5835582	0.0	0.34457368	0.058220573	0.44303626	0.251714	8000	-0.017326504	0.026411342	-0.0016054772	-0.00092127494	1.732645	-0.00018527031	0.0	4.0	36.50303339958191	214
80	0.37825254	0.13103257	0.6253401	0.09668472	5.3333335	17.25	11.222188	37.0	4.0	0.38797486	0.104654126	0.6253401	0.09668472	0.34080842	0.054306455	0.4412644	0.24769548	8100	-0.017338261	0.008333056	-0.0013288595	0.00017085439	1.7338276	0.00034817692	0.0	4.0	37.0541512966156	182
81	0.35200334	0.20416197	0.6730929	0.0	6.9166665	17.0	10.29563	32.0	2.0	0.30515206	0.22638418	0.6730929	0.0	0.33781308	0.053273242	0.42877954	0.24503069	8200	-0.017363608	0.029481165	-0.0017215759	-0.00024726987	1.7363575	8.442404e-05	0.0	4.0	37.45038342475891	253
82	0.32162258	0.22296798	0.69539076	3.330669e-16	6.0833335	24.3125	8.715781	36.0	2.0	0.39720857	0.18261398	0.69539076	3.330669e-16	0.3295608	0.052430037	0.41403854	0.24321729	8300	-0.017326683	0.017033108	-0.00079859793	9.732315e-05	1.7326694	0.00018318176	0.0	4.0	37.99610137939453	184
83	0.33113277	0.23921452	0.6948989	3.330669e-16	4.5	17.894737	11.257254	34.0	1.0	0.4173591	0.19587976	0.6948989	3.330669e-16	0.32699662	0.056438927	0.43567678	0.2428486	8400	-0.017282188	0.020865377	-0.002006594	-0.00023453496	1.7282171	-0.00038016797	0.0	4.0	38.44774770736694	223
84	0.2938634	0.183401	0.57611126	0.0	5.3333335	14.823529	9.889004	31.0	1.0	0.31640399	0.18238294	0.57611126	0.0	0.33269632	0.05282161	0.41759652	0.24461344	8500	-0.017296493	0.017937452	-0.0015008263	7.890712e-05	1.7296486	-3.7879945e-05	0.0	4.0	38.91756725311279	213
85	0.33854067	0.23782504	0.6858283	0.0	5.1538463	16.0	9.95283	34.0	1.0	0.37350997	0.22498922	0.6858283	0.0	0.3262761	0.04933717	0.42234787	0.24611858	8600	-0.017277136	0.028139016	-0.0010153167	-7.814786e-05	1.727713	0.00026524067	0.0	4.0	39.41511058807373	203
86	0.29668322	0.24935436	0.71865946	0.0	3.9285715	15.5	10.345423	33.0	2.0	0.33735317	0.22545527	0.71865946	0.0	0.33410934	0.05344632	0.4300926	0.24741608	8700	-0.017259195	0.027342014	-0.001575416	7.250346e-07	1.7259223	-0.00041719433	0.0	4.0	39.7626748085022	289
87	0.38435283	0.26256087	0.63761467	0.0	10.0	22.272728	9.362312	37.0	6.0	0.34865144	0.24952112	0.63761467	0.0	0.3640593	0.055236466	0.45127165	0.24846083	8800	-0.01730533	0.03358655	-0.002041176	-1.03721395e-05	1.730533	-0.00020813462	0.0	4.0	40.09063363075256	307
88	0.29553702	0.20320523	0.5913998	3.330669e-16	4.785714	16.055555	9.789292	32.0	0.0	0.36395034	0.150359	0.5913998	3.330669e-16	0.3362372	0.05907136	0.4417933	0.24868664	8900	-0.017228559	0.010405365	-0.0012592152	-1.0636053e-05	1.7228566	-0.0003076553	0.0	4.0	40.50484848022461	242
89	0.34350157	0.18211627	0.7965308	3.330669e-16	4.266667	17.894737	12.961054	37.0	1.0	0.41621435	0.17663029	0.7965308	3.330669e-16	0.33659783	0.05339863	0.4363617	0.24905208	9000	-0.017186165	0.018196948	-0.0008499734	-0.00018208532	1.7186153	1.6250619e-05	0.0	4.0	40.999202728271484	204
90	0.23660298	0.18683413	0.5627048	0.0	6.909091	15.466666	9.701318	36.0	1.0	0.20148237	0.1955299	0.5627048	0.0	0.35191607	0.05903816	0.45332935	0.2507058	9100	-0.01720804	0.03526545	-0.0006922744	-0.00030568845	1.7208105	8.888252e-06	0.0	4.0	41.386895179748535	259
91	0.41352364	0.22396708	0.6585052	0.0	9.166667	19.5	9.146037	32.0	2.0	0.3841237	0.19218233	0.6585052	0.0	0.3592881	0.05267191	0.45128292	0.24979194	9200	-0.017260902	0.020933941	-0.0011139326	8.454837e-06	1.7260923	0.00021168232	0.0	4.0	41.67633271217346	348
92	0.3412843	0.24472785	0.7872674	0.0	5.266667	18.222221	11.792443	37.0	3.0	0.39976755	0.26150152	0.7872674	0.0	0.33933803	0.05771371	0.44886523	0.24634498	9300	-0.017167628	0.034849573	-0.0010751642	1.9129366e-05	1.7167639	0.00021420956	0.0	4.0	42.126654624938965	223
93	0.4409017	0.12853402	0.6790646	0.3304024	6.3076925	25.733334	9.963043	37.0	3.0	0.43814483	0.13098529	0.6790646	0.2883961	0.3462279	0.057543416	0.43959785	0.24823251	9400	-0.017216705	0.014954216	-0.00060948543	-0.00017761136	1.7216691	0.00014713765	0.0	4.0	42.55524039268494	235
94	0.30540562	0.1777499	0.6431314	3.330669e-16	4.0625	19.7	11.068423	37.0	0.0	0.38056615	0.13720444	0.6431314	3.330669e-16	0.3309268	0.052865643	0.4289507	0.25005916	9500	-0.017167337	0.009816445	-0.00096226856	-0.00016188156	1.7167276	-0.0001923418	0.0	4.0	43.052237033843994	202
95	0.28459635	0.13549423	0.44242355	0.0	6.5	21.666666	10.024414	37.0	4.0	0.2857034	0.14455085	0.44242355	0.0	0.34485254	0.054079913	0.45249152	0.252581	9600	-0.017208599	0.015322498	-0.002135139	-3.0515686e-05	1.7208568	0.00022915362	0.0	4.0	43.52060508728027	215
96	0.2696558	0.18896496	0.5735165	0.0	6.8333335	18.0	8.83176	36.0	2.0	0.30643067	0.18230362	0.5735165	0.0	0.35177925	0.05238122	0.43111408	0.2532613	9700	-0.017206058	0.017184138	-0.00088060834	-0.00018994976	1.7206056	-0.00038611412	0.0	4.0	44.06111693382263	185
97	0.38879335	0.19621181	0.64495105	3.330669e-16	4.0625	16.631578	7.78129	36.0	5.0	0.4231376	0.1515207	0.64495105	3.330669e-16	0.3322402	0.053667486	0.44016603	0.25037512	9800	-0.017194638	0.016335286	-0.0006317459	5.4448377e-05	1.7194592	4.7092428e-05	0.0	4.0	44.634984254837036	175
98	0.24899276	0.1855343	0.6137223	3.330669e-16	5.214286	21.166666	10.318538	37.0	4.0	0.32371166	0.1419357	0.6137223	3.330669e-16	0.33730033	0.05168424	0.43595067	0.25255436	9900	-0.017183803	0.009669449	-0.001339674	5.345646e-06	1.7183818	0.0003734207	0.0	4.0	45.13990020751953	200
99	0.33468187	0.1944037	0.5761294	0.0	6.3076925	20.75	10.562315	36.0	0.0	0.35630473	0.1968746	0.5761294	0.0	0.3422503	0.05496263	0.43969738	0.25329167	10000	-0.017201632	0.020369165	-0.0008983128	-2.2183405e-05	1.7201617	-0.00016985892	0.0	4.0	45.61983847618103	211
100	0.22297089	0.1602232	0.42117548	0.0	5.5384617	18.529411	10.267697	34.0	0.0	0.2700841	0.15457398	0.42117548	0.0	0.34124768	0.052061837	0.4272315	0.25373146	10100	-0.017185032	0.014865362	-0.001148209	-0.00014623185	1.7185059	-9.393687e-06	0.0	4.0	46.05643057823181	230
101	0.36897394	0.1542266	0.6263195	0.0	5.0	20.647058	10.549274	36.0	1.0	0.3438436	0.17962883	0.6263195	0.0	0.33676565	0.04992757	0.42020983	0.25291845	10200	-0.01719828	0.018743038	-0.0013482533	-4.9058814e-05	1.7198223	0.0001254368	0.0	4.0	46.528343200683594	214
102	0.25418428	0.16543584	0.4871259	0.0	7.0	16.571428	10.681855	37.0	1.0	0.30660707	0.15903321	0.4871259	0.0	0.3390777	0.04566912	0.42824304	0.2518917	10300	-0.01720588	0.013918999	-0.0009317212	-8.91386e-05	1.7205918	0.00026614667	0.0	4.0	46.951249837875366	238
103	0.31433576	0.18236381	0.65523195	0.0	6.909091	17.142857	11.703828	35.0	0.0	0.31514078	0.17766403	0.65523195	0.0	0.33812058	0.04915467	0.4215355	0.25075966	10400	-0.017197952	0.017685087	-0.0008942969	-0.00012495706	1.7197922	-0.00020211696	0.0	4.0	47.273773431777954	312
104	0.31930175	0.24404712	0.6438979	0.0	6.2727275	23.2	11.542385	37.0	0.0	0.34305513	0.21183202	0.6438979	0.0	0.32553613	0.04816108	0.4205926	0.24931058	10500	-0.01718872	0.023612611	-0.0009097252	-3.9574225e-06	1.7188704	0.00018886088	0.0	4.0	47.66899275779724	254
105	0.38289472	0.17282659	0.6785714	0.16139029	8.25	20.75	8.661457	36.0	6.0	0.4279609	0.1562331	0.6785714	0.16139029	0.34091103	0.047228243	0.4257007	0.24842207	10600	-0.01718475	0.015796186	-0.0010382384	-6.6863635e-05	1.7184814	-8.863925e-05	0.0	4.0	48.03535485267639	274
106	0.27315328	0.17001554	0.5683442	0.0	5.25	21.4	11.211899	36.0	4.0	0.29338983	0.16214521	0.5683442	0.0	0.33217826	0.04824291	0.42787343	0.24937996	10700	-0.017145187	0.014096657	-0.0010102638	1.9673724e-05	1.7145166	0.00030690196	0.0	4.0	48.531660318374634	203
107	0.30218303	0.16720292	0.54284763	0.0	7.3636365	18.76923	10.408235	37.0	2.0	0.29289642	0.20737077	0.54284763	0.0	0.34180775	0.048929088	0.42033648	0.25002727	10800	-0.01715003	0.024263207	-0.002149731	-0.00010469812	1.7149984	0.0003772736	0.0	4.0	49.0627498626709	190
108	0.36569658	0.1873008	0.56182855	0.0	6.9	17.071428	8.971895	35.0	1.0	0.34964693	0.17220002	0.56182855	0.0	0.3297852	0.044745363	0.3976567	0.24402219	10900	-0.017156169	0.016713127	-0.0009836704	-1.2362609e-05	1.7156143	8.008004e-05	0.0	4.0	49.450061321258545	261
109	0.35381296	0.19826126	0.6161213	0.0	5.571429	19.5	11.324752	36.0	1.0	0.35705775	0.19897476	0.6161213	0.0	0.32893485	0.054417826	0.42954966	0.24279985	11000	-0.017100275	0.02186242	-0.0013304949	-2.0607375e-05	1.7100306	-0.00019307138	0.0	4.0	49.826149463653564	267
110	0.34595343	0.24053593	0.71802723	0.0	5.142857	15.0	10.335547	31.0	0.0	0.3564592	0.22749889	0.71802723	0.0	0.3174325	0.04246041	0.38737878	0.24863237	11100	-0.01712045	0.027639676	-0.0013199411	-4.534796e-05	1.7120423	0.00017460345	0.0	4.0	50.30635738372803	209
111	0.30191812	0.20665516	0.70279944	0.0	6.4166665	19.0625	11.426224	37.0	0.0	0.26558146	0.21728133	0.70279944	0.0	0.32489657	0.042901244	0.41123903	0.249515	11200	-0.017119482	0.026961569	-0.0019562095	-8.693477e-05	1.7119485	0.0002952719	0.0	4.0	50.7806236743927	213
112	0.30848804	0.22685906	0.6888364	0.0	5.6923075	18.6875	9.891402	35.0	1.0	0.3335718	0.21113977	0.6888364	0.0	0.32707414	0.04592358	0.4079036	0.24932817	11300	-0.017093703	0.022151707	-0.0011674371	-2.4192734e-05	1.7093725	-8.29692e-07	0.0	4.0	51.30289101600647	193
113	0.3091875	0.19949904	0.58538765	0.0	4.647059	18.052631	11.838713	36.0	1.0	0.35406592	0.20591548	0.58538765	0.0	0.31440258	0.042121626	0.40058807	0.24875966	11400	-0.017063782	0.021848846	-0.0013568029	-6.8582594e-06	1.7063828	0.00043527602	0.0	4.0	51.904743909835815	167
114	0.3089056	0.17957973	0.5567597	0.0	6.230769	15.733334	8.805049	27.0	3.0	0.2663552	0.19168904	0.5567597	0.0	0.3309996	0.04648689	0.41017455	0.24915999	11500	-0.017107487	0.0233583	-0.001597032	-0.00014502963	1.7107533	-0.00045853615	0.0	4.0	52.38489007949829	209
115	0.30721718	0.15350136	0.54248744	3.330669e-16	3.625	19.15	11.675936	37.0	0.0	0.34638086	0.118269034	0.54248744	3.330669e-16	0.3171501	0.045268383	0.3939641	0.24860805	11600	-0.017052531	0.0074437084	-0.002430886	2.8331997e-05	1.7052565	-0.00024772645	0.0	4.0	53.04657506942749	152
116	0.38089016	0.23083824	0.6726542	0.0	4.8	17.555555	10.894556	37.0	1.0	0.36258805	0.2277865	0.6726542	0.0	0.3172346	0.04253679	0.39315096	0.24813175	11700	-0.017045245	0.02766214	-0.0015477166	-3.6854297e-05	1.7045279	0.0007437897	0.0	4.0	53.63571572303772	171
117	0.35243145	0.23094766	0.69188863	3.330669e-16	4.928571	17.0	10.402991	36.0	0.0	0.4365284	0.19368719	0.69188863	3.330669e-16	0.3152907	0.04216903	0.3984149	0.24885443	11800	-0.017027624	0.024013046	-0.0017811395	-0.0005303249	1.7027652	0.001341815	0.0	4.0	54.06292390823364	236
118	0.25045133	0.1939194	0.48583797	0.0	7.0	21.153847	10.309415	37.0	2.0	0.24150029	0.18213688	0.48583797	0.0	0.33185166	0.043992493	0.4151872	0.2517307	11900	-0.017035022	0.022137178	-0.0008905344	0.00022026128	1.7035015	-9.837146e-06	0.0	4.0	54.466094732284546	249
119	0.3652794	0.228545	0.6891992	0.0	5.5	16.3125	11.378262	34.0	1.0	0.38912487	0.22435957	0.6891992	0.0	0.3279335	0.043234125	0.39364415	0.2528943	12000	-0.017010778	0.027523374	-0.0014895424	-4.272582e-05	1.7010853	2.907755e-05	0.0	4.0	54.846983194351196	264
120	0.2846886	0.22902377	0.6274522	0.0	6.6666665	19.428572	10.506557	35.0	0.0	0.3092864	0.242891	0.6274522	0.0	0.33756912	0.046134815	0.4100224	0.25360394	12100	-0.017012045	0.031005992	-0.0021594018	-9.20468e-05	1.701196	0.000694828	0.0	4.0	55.30370211601257	220
121	0.40980503	0.21310394	0.62348986	0.0	6.7272725	21.533333	11.074697	36.0	1.0	0.38460016	0.20766445	0.62348986	0.0	0.3298748	0.044837963	0.42038926	0.25396252	12200	-0.01701793	0.024144648	-0.0014911965	-2.7989503e-05	1.7017972	0.0006300211	0.0	4.0	55.77084684371948	215
122	0.28615856	0.18617202	0.56650394	0.0	4.625	19.526316	10.4748745	33.0	3.0	0.3034853	0.18037952	0.56650394	0.0	0.32490504	0.045097455	0.3992821	0.2546917	12300	-0.01704532	0.016816549	-0.0011652783	-4.3146327e-05	1.7045319	0.000525794	0.0	4.0	56.27362132072449	200
123	0.25428838	0.19784106	0.56707287	0.0	5.0	18.277779	10.44991	34.0	2.0	0.28680685	0.17380615	0.56707287	0.0	0.32385013	0.04246235	0.39724922	0.25519133	12400	-0.017039582	0.017082628	-0.0008803839	-0.000102777325	1.7039535	9.558678e-05	0.0	4.0	56.81996130943298	185
124	0.28344622	0.19644186	0.6512546	0.0	7.090909	19.384615	9.8725605	37.0	4.0	0.2566273	0.1999791	0.6512546	0.0	0.3297438	0.039774805	0.40346202	0.25464675	12500	-0.017091408	0.023928475	-0.0017138869	-0.0003227794	1.7091451	0.00043587683	0.0	4.0	57.358043909072876	186
125	0.24774918	0.19954541	0.5907848	0.0	4.5625	15.833333	10.457586	36.0	1.0	0.2896337	0.1852581	0.5907848	0.0	0.31966344	0.04105936	0.38975054	0.25271368	12600	-0.017027617	0.01781131	-0.0015373826	-0.00015361654	1.7027624	-0.0005829811	0.0	4.0	57.842231035232544	208
126	0.2517225	0.18594097	0.5865767	0.0	5.571429	19.25	8.242421	32.0	4.0	0.2532055	0.21212664	0.5865767	0.0	0.31706515	0.04059631	0.39928117	0.25041872	12700	-0.017049871	0.025694512	-0.0014855564	-0.00040060136	1.7049881	0.00029292106	0.0	4.0	58.25462293624878	245
127	0.32268652	0.22300339	0.8319957	0.0	6.4615383	17.8125	9.415538	31.0	0.0	0.26382613	0.21369654	0.8319957	0.0	0.30886975	0.033940624	0.36173356	0.2477667	12800	-0.017050654	0.025394145	-0.001825057	-0.00040880602	1.7050666	0.00058680057	0.0	4.0	58.72317147254944	215
128	0.35255316	0.18531787	0.58942336	0.0	6.5454545	22.2	8.938307	35.0	9.0	0.2774262	0.19707237	0.58942336	0.0	0.30884323	0.03536747	0.36296132	0.24487326	12900	-0.017045155	0.022180792	-0.0022383109	-0.00038237788	1.7045141	0.00047388554	0.0	4.0	59.24284219741821	193
129	0.322946	0.14658374	0.5889215	0.0	6.8	16.076923	10.417895	31.0	1.0	0.29386172	0.14260533	0.5889215	0.0	0.3024155	0.03350108	0.36695945	0.24218725	13000	-0.017060146	0.011191471	-0.0017085485	-0.00012428201	1.7060084	0.0003889466	0.0	4.0	59.73027944564819	206
130	0.36795214	0.18932174	0.6441276	0.0	5.142857	20.352942	10.932634	37.0	2.0	0.3512744	0.19902731	0.6441276	0.0	0.28884563	0.031252325	0.34494904	0.2238852	13100	-0.017063439	0.022982264	-0.001562804	7.037399e-05	1.7063462	3.1266187e-05	0.0	4.0	60.292689085006714	179
131	0.36511853	0.16659732	0.55171573	3.330669e-16	4.8	18.88889	11.273809	36.0	3.0	0.40184817	0.11708926	0.55171573	3.330669e-16	0.28593522	0.030621542	0.34960964	0.23973586	13200	-0.017061256	0.013051321	-0.00095146894	-0.00021904352	1.706124	9.9143974e-05	0.0	4.0	60.754828214645386	217
132	0.40382433	0.22463587	0.64321965	0.0	6.1666665	19.6	11.388884	35.0	0.0	0.3583779	0.21005225	0.64321965	0.0	0.28821498	0.027137386	0.33895385	0.24189371	13300	-0.017095976	0.025227446	-0.0017533246	-0.0002689371	1.7095892	0.00020917415	0.0	4.0	61.180134296417236	236
133	0.31549105	0.18116978	0.63111556	3.330669e-16	3.6111112	16.772728	10.461757	32.0	1.0	0.36755094	0.1481129	0.63111556	3.330669e-16	0.2911134	0.03442914	0.35806608	0.23046792	13400	-0.017005876	0.013408189	-0.00073322654	-0.00040839904	1.7005858	-0.00033991813	0.0	4.0	61.61700630187988	230
134	0.38169956	0.13623156	0.6046334	3.330669e-16	5.142857	17.666666	9.279608	33.0	1.0	0.39036292	0.11028874	0.6046334	3.330669e-16	0.3023551	0.03586007	0.37934455	0.24341825	13500	-0.017044619	0.010284884	-0.001307331	-0.0005101161	1.7044635	-0.00039358137	0.0	4.0	62.08109641075134	218
135	0.418146	0.19681819	0.6792886	3.330669e-16	4.733333	20.473684	9.778432	37.0	7.0	0.43647745	0.1737362	0.6792886	3.330669e-16	0.30376756	0.032258138	0.3633964	0.25338277	13600	-0.017018817	0.02334717	-0.0010719746	-0.00096765277	1.70188	0.0003291702	0.0	4.0	62.621450424194336	187
136	0.3461956	0.15743904	0.65831256	0.0	5.1666665	22.4375	10.810694	36.0	1.0	0.35230917	0.18876946	0.65831256	0.0	0.32261145	0.035284802	0.39111072	0.25872067	13700	-0.017062614	0.018822072	-0.0014012321	-0.0001517126	1.7062597	-0.0003362751	0.0	4.0	63.02812695503235	248
137	0.24935809	0.21832383	0.598313	0.0	6.3	16.384615	7.9569845	29.0	1.0	0.24799758	0.20182183	0.598313	0.0	0.3319815	0.035384733	0.3873064	0.26345858	13800	-0.017080553	0.024916142	-0.0014069751	0.00030338622	1.7080562	0.00036621568	0.0	4.0	63.31459951400757	353
138	0.26277044	0.2341592	0.64789885	0.0	5.4615383	15.764706	9.327565	37.0	2.0	0.32064837	0.22008531	0.64789885	0.0	0.3313146	0.038103286	0.4124201	0.26502797	13900	-0.017011672	0.024453264	-0.0015797205	-1.7391285e-05	1.701173	0.00097603793	0.0	4.0	63.69724893569946	262
139	0.27653357	0.17024115	0.46221322	0.0	6.909091	22.285715	9.490059	35.0	4.0	0.30488732	0.15375353	0.46221322	0.0	0.33852872	0.038821537	0.39304712	0.26498044	14000	-0.017039932	0.012100579	-0.0025613494	-2.3965724e-05	1.7039955	-0.00024338247	0.0	4.0	64.05617094039917	280
140	0.2516096	0.18831334	0.63524014	0.0	5.5384617	17.375	11.296432	33.0	0.0	0.3076823	0.19911768	0.63524014	0.0	0.33521903	0.040324688	0.40219712	0.26440528	14100	-0.016986057	0.020380024	-0.0008832216	-4.6429108e-05	1.698609	-0.00011931421	0.0	4.0	64.4402494430542	261
141	0.36311337	0.20770293	0.70070916	3.330669e-16	5.714286	23.117647	10.266349	37.0	7.0	0.42014757	0.16718666	0.70070916	3.330669e-16	0.33603248	0.0416738	0.39866188	0.26332667	14200	-0.016946763	0.016456444	-0.0015218165	-8.111808e-05	1.6946704	-0.0010614586	0.0	4.0	64.79974675178528	279
142	0.29553244	0.17759527	0.50545925	0.0	6.0	14.5625	10.959977	35.0	0.0	0.31334686	0.16935365	0.50545925	0.0	0.3343953	0.040825106	0.41005152	0.2638688	14300	-0.016923979	0.01525972	-0.0009826198	5.0918898e-05	1.6923983	0.00046306133	0.0	4.0	65.15795588493347	280
143	0.3563607	0.2267178	0.6839642	0.0	7.5454545	21.333334	10.460508	36.0	0.0	0.36671457	0.21487631	0.6839642	0.0	0.3393136	0.04157158	0.42214128	0.26458454	14400	-0.01688996	0.025150612	-0.002498914	-2.7781585e-05	1.6889966	0.00052492623	0.0	4.0	65.48102450370789	311
144	0.38256666	0.20599271	0.69605505	0.0	5.785714	18.0	10.932951	35.0	0.0	0.36157408	0.2043429	0.69605505	0.0	0.33869264	0.04243591	0.40034667	0.2652163	14500	-0.0168778	0.022662193	-0.0015396178	-2.2820604e-05	1.6877763	-0.00034584524	0.0	4.0	65.87791872024536	253
145	0.28652418	0.13765165	0.4993344	2.220446e-16	4.117647	15.809524	10.978849	34.0	0.0	0.3436172	0.11232648	0.4993344	2.220446e-16	0.3370427	0.04362937	0.4081233	0.26617664	14600	-0.016814023	0.0057411054	-0.0016728276	-9.307405e-06	1.6814005	0.00072183134	0.0	4.0	66.26415681838989	260
146	0.3071187	0.17222068	0.55634	0.0	5.285714	22.411764	12.879802	37.0	2.0	0.31378543	0.16282423	0.55634	0.0	0.33825818	0.042264305	0.40966278	0.2634555	14700	-0.01682049	0.015313045	-0.0033039711	3.9230596e-05	1.6820459	0.00077407836	0.0	4.0	66.63080930709839	274
147	0.30196926	0.25844654	0.67587125	0.0	7.2	19.384615	12.59144	37.0	1.0	0.29905385	0.24420601	0.67587125	0.0	0.34680316	0.03943844	0.41861355	0.26711056	14800	-0.016822493	0.032356728	-0.0013868045	-0.00013503828	1.6822459	-0.0008349562	0.0	4.0	66.97006869316101	296
148	0.35745004	0.13020799	0.6227436	3.330669e-16	4.266667	17.11111	10.065832	36.0	1.0	0.36122742	0.09791169	0.6227436	3.330669e-16	0.33760768	0.04160221	0.411981	0.2659972	14900	-0.016753927	0.0059538516	-0.001665222	1.5755548e-05	1.6753876	-0.0001296711	0.0	4.0	67.36366558074951	255
149	0.23666194	0.1823916	0.49886587	0.0	5.5384617	23.0625	10.261997	37.0	8.0	0.23007217	0.18254088	0.49886587	0.0	0.3325876	0.037948705	0.3838419	0.26121026	15000	-0.016785719	0.02313751	-0.0011565313	-0.00048790418	1.6785684	-2.1247863e-05	0.0	4.0	67.72912979125977	275
150	0.34415895	0.16983199	0.67534804	0.02393717	4.1875	20.31579	10.387506	36.0	6.0	0.38826925	0.16340868	0.67534804	0.02393717	0.329574	0.03885553	0.4009686	0.26319066	15100	-0.016666897	0.0144334305	-0.0020690933	0.00017139467	1.6666925	0.0005703926	0.0	4.0	68.11539721488953	260
151	0.14857969	0.15388909	0.33353785	0.0	5.5384617	19.5625	11.581066	37.0	2.0	0.18990062	0.16430843	0.36804682	0.0	0.32559657	0.035993654	0.3831324	0.26206928	15200	-0.016683936	0.022688657	-0.0031459108	-0.0004864959	1.6683934	0.0015643263	0.0	4.0	68.48791122436523	270
152	0.3099072	0.18821439	0.64518106	0.0	4.875	18.736841	12.585882	36.0	1.0	0.33661348	0.2019974	0.64518106	0.0	0.31601542	0.036879037	0.38088438	0.25969025	15300	-0.016647905	0.019086912	-0.0022845548	5.792253e-05	1.664797	5.3591764e-05	0.0	4.0	68.8799250125885	256
153	0.36843452	0.17770155	0.6441373	0.0	4.6875	21.9	10.718675	37.0	1.0	0.34757137	0.18437088	0.6441373	0.0	0.31634045	0.037992552	0.38048738	0.2574222	15400	-0.016615018	0.019252274	-0.0017342046	-3.6123674e-06	1.6615006	-0.0005694055	0.0	4.0	69.32285523414612	227
154	0.373527	0.20032538	0.70299274	2.220446e-16	4.25	19.95	10.660559	37.0	1.0	0.41929027	0.1697635	0.70299274	2.220446e-16	0.31508073	0.036745366	0.39210927	0.25680512	15500	-0.016574562	0.018518737	-0.00097500626	-0.00023261615	1.6574639	-0.00033420086	0.0	4.0	69.83348321914673	196
155	0.4538776	0.18293087	0.7349698	3.330669e-16	4.8235292	20.166666	11.748522	36.0	1.0	0.47843125	0.17110085	0.7349698	3.330669e-16	0.31661355	0.035713803	0.37306806	0.25858176	15600	-0.01649572	0.027702652	-0.0019126683	-0.0012059207	1.6495767	0.00077859405	0.0	4.0	70.38269376754761	182
156	0.35381597	0.17278814	0.52314717	2.220446e-16	8.625	14.545455	10.395485	33.0	1.0	0.37747076	0.11996517	0.52314717	2.220446e-16	0.33840266	0.037207577	0.40588337	0.26282457	15700	-0.016518876	0.007906482	-0.0014137141	-0.0003154367	1.6518838	0.00035874842	0.0	4.0	70.75058794021606	276
157	0.3536836	0.19423538	0.6787125	3.330669e-16	5.181818	21.066668	12.222748	34.0	0.0	0.39449486	0.12740418	0.6787125	3.330669e-16	0.3507802	0.043395214	0.41565192	0.26862532	15800	-0.016498089	0.00882052	-0.0016994681	-0.00025675877	1.6498044	-0.0009315252	0.0	4.0	71.07597160339355	309
158	0.31659988	0.21126018	0.62182	0.0	7.3636365	16.428572	11.9744625	36.0	0.0	0.30324078	0.22344612	0.62182	0.0	0.35529095	0.0412771	0.42851046	0.27273273	15900	-0.016462833	0.027162973	-0.002914995	0.00016113231	1.6462898	0.00026937487	0.0	4.0	71.42237973213196	290
159	0.30813032	0.21897155	0.6273892	-0.064128146	4.6	17.944445	11.374788	37.0	0.0	0.30926883	0.19404648	0.6273892	-0.064128146	0.35171783	0.046504088	0.4259486	0.27459472	16000	-0.016419224	0.020641468	-0.0021344945	-0.00010338263	1.641918	-0.0006879854	0.0	4.0	71.76793074607849	291
160	0.3214963	0.19744444	0.6507843	0.0	7.888889	18.0	9.556848	29.0	3.0	0.29872227	0.21473281	0.6507843	0.0	0.36501136	0.040486556	0.4264169	0.27431136	16100	-0.01642713	0.02737066	-0.0026883706	-0.0005979594	1.6427112	0.0008899594	0.0	4.0	72.09290790557861	309
161	0.33553535	0.20918402	0.6403853	0.0	5.5384617	14.470589	12.276796	35.0	0.0	0.36045507	0.19798377	0.6403853	0.0	0.3424511	0.038521405	0.40655413	0.27233648	16200	-0.016430259	0.0199573	-0.0018966161	-1.9270345e-05	1.6430213	8.3241466e-05	0.0	4.0	72.57157921791077	209
162	0.34996954	0.2015581	0.69038486	0.0	6.4	20.642857	10.505829	37.0	3.0	0.36294985	0.19359677	0.69038486	0.0	0.34123307	0.0357415	0.40715402	0.27079782	16300	-0.01645194	0.019488772	-0.002313476	2.5279238e-05	1.6451957	0.0003673744	0.0	4.0	73.08527636528015	196
163	0.3999018	0.1391966	0.64789885	0.1154447	4.428571	20.61111	10.975422	36.0	3.0	0.43009445	0.119002454	0.64789885	0.1154447	0.33455586	0.036112923	0.39421257	0.27046925	16400	-0.01646085	0.011412798	-0.0013398314	-0.00011912512	1.646091	4.4479355e-05	0.0	4.0	73.60677170753479	192
164	0.36742103	0.23517463	0.6985917	0.0	5.8461537	23.352942	10.911091	37.0	0.0	0.3755983	0.22394724	0.6985917	0.0	0.33136848	0.033636913	0.4098658	0.272138	16500	-0.016469024	0.025461864	-0.0017864257	-0.00016796088	1.6469073	0.00026124	0.0	4.0	74.09203004837036	209
165	0.34336588	0.18951492	0.5920353	3.330669e-16	7.0	19.066668	9.461971	33.0	3.0	0.4078268	0.13630377	0.5920353	3.330669e-16	0.34738168	0.038215056	0.41276452	0.27486804	16600	-0.016437888	0.010642493	-0.0017409683	-0.0003468888	1.643791	0.0004238176	0.0	4.0	74.54736423492432	221
166	0.39128968	0.14572181	0.5830099	0.0	5.0666666	16.647058	9.916956	33.0	4.0	0.35439223	0.1717618	0.5830099	0.0	0.35130137	0.04225732	0.42136392	0.27801305	16700	-0.016441956	0.016636875	-0.0019724928	1.942669e-05	1.6441963	0.00027926444	0.0	4.0	74.99234676361084	227
167	0.45673636	0.21725965	0.6583247	0.0	10.714286	19.90909	12.637999	36.0	1.0	0.42094335	0.21109371	0.6583247	0.0	0.35771927	0.03760439	0.41636884	0.28036624	16800	-0.01648058	0.02438329	-0.0020718612	-0.00021302188	1.6480558	0.0008828449	0.0	4.0	75.36423325538635	270
168	0.3478834	0.20302975	0.64794993	3.330669e-16	4.5333333	17.210526	10.4909935	36.0	0.0	0.4235475	0.15051875	0.64794993	3.330669e-16	0.36169884	0.04903056	0.44027317	0.28287715	16900	-0.016372778	0.011642601	-0.0009503942	-0.0003735625	1.6372801	1.6980164e-05	0.0	4.0	75.79939150810242	231
169	0.45599476	0.11581375	0.6596188	0.32972533	4.5	19.0	11.110556	37.0	0.0	0.43353263	0.10435641	0.6596188	0.32972533	0.36707228	0.047748394	0.45730162	0.28616518	17000	-0.01642654	0.00902595	-0.0011517368	-0.0002943542	1.6426537	-0.00017922878	0.0	4.0	76.31296396255493	195
170	0.29318458	0.19165932	0.6422225	3.330669e-16	4.0666666	17.578947	12.283133	36.0	1.0	0.38656157	0.16296889	0.6422225	3.330669e-16	0.37068635	0.048096836	0.4566585	0.2898329	17100	-0.016355038	0.011588959	-0.0026775762	-0.00012748176	1.6355112	3.97682e-05	0.0	4.0	76.8173611164093	199
171	0.28193697	0.18926765	0.6218125	-0.08379855	3.764706	16.95	12.056015	37.0	1.0	0.33374742	0.18751112	0.6218125	-0.08379855	0.3720689	0.04697568	0.4420793	0.29289633	17200	-0.016434338	0.018190969	-0.0040139984	0.00013845979	1.6434247	-0.0003576518	0.0	4.0	77.30111694335938	208
172	0.30583394	0.18617539	0.5999191	3.330669e-16	4.6875	14.555555	8.56493	34.0	2.0	0.3804393	0.15234174	0.5999191	3.330669e-16	0.3842553	0.054794505	0.49031636	0.29411367	17300	-0.016314417	0.010183213	-0.0046606036	-5.6023127e-06	1.6314435	0.0025325539	0.0	4.0	77.71280431747437	244
173	0.2890573	0.19561644	0.61872274	3.330669e-16	4.642857	17.529411	10.688739	35.0	1.0	0.36850646	0.16185342	0.61872274	3.330669e-16	0.39247018	0.055921417	0.49940675	0.29435322	17400	-0.016154416	0.012284663	-0.0052636582	2.6793918e-05	1.6154425	0.0035489274	0.0	4.0	78.20126557350159	205
174	0.36188728	0.14781348	0.6109306	2.220446e-16	4.4375	18.68421	9.273917	35.0	0.0	0.4022563	0.12856235	0.6109306	2.220446e-16	0.3902031	0.058680315	0.49163058	0.29401708	17500	-0.016124338	0.008589509	-0.0032061953	7.692142e-06	1.6124363	0.001392131	0.0	4.0	78.69854259490967	202
175	0.4284121	0.25508595	0.65822226	0.0	8.75	17.833334	9.245119	32.0	0.0	0.3619837	0.24827991	0.65822226	0.0	0.3969973	0.04638707	0.46161985	0.29376793	17600	-0.016136214	0.03410356	-0.00036061555	-0.00021498883	1.6136193	-0.0018562126	0.0	4.0	79.10764908790588	246
176	0.44391245	0.23071332	0.7980375	0.0	6.0	14.0	13.601471	36.0	0.0	0.4196824	0.23183383	0.7980375	0.0	0.3907115	0.05160938	0.4647462	0.29297462	17700	-0.016020283	0.028944008	-0.0016620904	-8.709403e-05	1.602027	0.00041556358	0.0	4.0	79.56519842147827	219
177	0.36081523	0.2079017	0.705998	3.330669e-16	4.0666666	18.0	9.771064	31.0	0.0	0.44148162	0.17145996	0.705998	3.330669e-16	0.38080847	0.051934555	0.46141422	0.29257673	17800	-0.016042218	0.015385509	-0.0013542376	-1.0922435e-05	1.6042237	-7.1363436e-05	0.0	4.0	80.0003616809845	232
178	0.4160585	0.16407289	0.65568125	3.330669e-16	5.6923075	23.4375	11.11288	37.0	6.0	0.4576994	0.12586182	0.65568125	3.330669e-16	0.38855404	0.051319446	0.48438978	0.29380667	17900	-0.016006753	0.010373699	-0.001734566	-0.00023617665	1.6006734	5.2976466e-06	0.0	4.0	80.48308968544006	208
179	0.36041877	0.22436275	0.66298527	0.0	6.3076925	22.764706	9.843059	37.0	0.0	0.32136074	0.24113317	0.66298527	0.0	0.39531997	0.055463202	0.48856246	0.29649276	18000	-0.015933245	0.034854554	-0.0028077066	-1.8744962e-05	1.5933284	0.0010327244	0.0	4.0	81.00065755844116	195
180	0.43413186	0.103280574	0.69533473	0.32146066	6.3333335	22.8125	10.904235	37.0	3.0	0.41382417	0.0819552	0.69533473	0.32146066	0.39715835	0.051698003	0.4879154	0.2970935	18100	-0.016018294	0.0050047603	-0.0010374738	-3.076793e-05	1.6018263	-0.0009470892	0.0	4.0	81.41246199607849	244
181	0.25666925	0.19629362	0.5991705	0.0	5.5384617	17.3125	8.815602	34.0	1.0	0.25298458	0.2102212	0.5991705	0.0	0.38984323	0.051087003	0.48933995	0.29676032	18200	-0.015889749	0.0324295	-0.003699582	-0.001026309	1.5889874	0.0018054771	0.0	4.0	81.78596019744873	269
182	0.35202694	0.20491524	0.81591725	3.330669e-16	5.071429	17.166666	9.405968	34.0	0.0	0.4297997	0.17719248	0.81591725	3.330669e-16	0.38175014	0.04943752	0.46196848	0.293983	18300	-0.015902132	0.015712075	-0.0026285164	0.00030586252	1.5902131	-0.0006640053	0.0	4.0	82.14167356491089	284
183	0.37703946	0.2504175	0.7830432	0.0	6.0833335	17.866667	10.455408	36.0	5.0	0.39020216	0.21849838	0.7830432	0.0	0.3704324	0.040579006	0.43900266	0.2918713	18400	-0.0159899	0.024153685	-0.0021261275	-3.8473867e-05	1.5989895	-0.0005201292	0.0	4.0	82.46156430244446	314
184	0.33925334	0.18821564	0.6907331	3.330669e-16	3.5789473	17.217392	11.298159	36.0	0.0	0.37813228	0.15951699	0.6907331	3.330669e-16	0.3621634	0.04725705	0.437358	0.29164287	18500	-0.015928969	0.013172196	-0.0021415465	9.398442e-06	1.5928994	0.00034226416	0.0	4.0	82.86498761177063	249
185	0.36332235	0.1595607	0.642021	0.0	6.0	15.8125	10.649054	33.0	1.0	0.3443474	0.17360845	0.642021	0.0	0.36828965	0.04161014	0.4397268	0.29204816	18600	-0.01593393	0.01663378	-0.0033704285	-0.00015254333	1.5933928	-0.00034800533	0.0	4.0	83.18521165847778	314
186	0.31223387	0.13136765	0.51074344	3.330669e-16	4.214286	23.222221	11.597679	36.0	1.0	0.3711677	0.09403837	0.51074344	3.330669e-16	0.3726827	0.045005098	0.43905333	0.2919749	18700	-0.015693106	0.0043058707	-0.0014236681	-1.00144825e-05	1.5693105	-0.0003131151	0.0	4.0	83.56285691261292	266
187	0.3949374	0.17359635	0.64307874	3.330669e-16	5.3076925	19.294117	9.5840845	34.0	1.0	0.4520628	0.123047106	0.64307874	3.330669e-16	0.37140897	0.045595832	0.46512145	0.29162502	18800	-0.015616253	0.01037783	-0.0021130424	-0.0001730583	1.5616169	0.0008175516	0.0	4.0	83.92414689064026	278
188	0.38243875	0.15461738	0.6938376	3.330669e-16	6.3333335	19.125	10.98792	37.0	0.0	0.422812	0.11281032	0.6938376	3.330669e-16	0.37320015	0.04422995	0.45289955	0.29304114	18900	-0.01564455	0.0072140694	-0.0016245339	-0.00026729636	1.564452	0.000116510404	0.0	4.0	84.26940202713013	291
189	0.25369924	0.1871892	0.65106547	0.0	5.142857	16.294117	8.729696	33.0	1.0	0.28996104	0.1823624	0.65106547	0.0	0.37160236	0.04220631	0.43916893	0.2957332	19000	-0.015676603	0.020155128	-0.0020126402	9.088649e-05	1.5676644	0.0011109828	0.0	4.0	84.70564794540405	230
190	0.4079562	0.21299367	0.6997156	3.330669e-16	4.9166665	19.0	10.9601555	32.0	1.0	0.47411373	0.1534003	0.6997156	3.330669e-16	0.3815144	0.04640784	0.45797968	0.29622093	19100	-0.015477903	0.015817339	-0.0022206046	-0.00020162703	1.5477862	0.0018672084	0.0	4.0	85.12217807769775	241
191	0.31345454	0.19138929	0.53500193	0.0	6.0	19.866667	11.649702	37.0	2.0	0.3355663	0.18365537	0.53500193	0.0	0.38546792	0.045422036	0.45561403	0.2975008	19200	-0.015505366	0.018856268	-0.0047206264	0.0001789229	1.5505364	0.0019138289	0.0	4.0	85.50099992752075	267
192	0.35404286	0.12361173	0.61336344	0.117537595	5.1538463	19.875	10.582267	37.0	0.0	0.39247745	0.105571866	0.61336344	0.117537595	0.39438212	0.050529674	0.47135437	0.29825407	19300	-0.015359551	0.0060302764	-0.0013419539	-7.0673414e-06	1.5359526	0.0012402487	0.0	4.0	85.939781665802	228
193	0.42654642	0.08954166	0.5898875	0.3263501	6.3333335	18.866667	11.33647	34.0	0.0	0.44051057	0.08413749	0.5898875	0.3263501	0.3925022	0.048731532	0.47831216	0.29801333	19400	-0.01525566	0.005101142	-0.0016232394	-1.8948922e-05	1.5255642	-0.0002031088	0.0	4.0	86.3583574295044	240
194	0.35636586	0.19886267	0.6719773	0.0	6.1538463	20.375	9.707439	37.0	3.0	0.37732023	0.20839012	0.6719773	0.0	0.38531113	0.046601586	0.46246615	0.29870167	19500	-0.0153558105	0.021944813	-0.0031977003	-6.44862e-05	1.535582	0.0014723492	0.0	4.0	86.77527117729187	241
195	0.41002744	0.14139812	0.6786376	0.14754784	4.2352943	16.0	8.626763	35.0	1.0	0.43773243	0.12352804	0.6786376	0.14754784	0.38316223	0.049804814	0.46483755	0.29937062	19600	-0.015440986	0.009629207	-0.0015844591	-2.3211178e-05	1.5440977	-0.0004174328	0.0	4.0	87.21261954307556	229
196	0.3874344	0.15810288	0.64020807	3.330669e-16	5.0666666	18.333334	10.5987425	34.0	0.0	0.41188768	0.1298418	0.64020807	3.330669e-16	0.3839497	0.050322507	0.46799588	0.300661	19700	-0.0154596865	0.009971637	-0.002614364	-4.5477704e-05	1.5459692	0.00025283336	0.0	4.0	87.7167158126831	200
197	0.39852738	0.13429524	0.6954001	0.26131678	6.0833335	17.4375	11.341124	37.0	0.0	0.40437788	0.12391033	0.6954001	0.26131678	0.39193138	0.046868745	0.4866074	0.30251172	19800	-0.015413683	0.009107715	-0.0021082852	6.3354382e-06	1.5413702	0.00026673792	0.0	4.0	88.09868597984314	263
198	0.33140436	0.17626306	0.6137415	-0.0004492613	4.352941	19.25	11.085464	37.0	1.0	0.3975917	0.1501081	0.6137415	-0.0004492613	0.38929978	0.05381045	0.48113844	0.30407298	19900	-0.015417027	0.011046641	-0.004020438	-1.3000681e-05	1.541696	0.0011419773	0.0	4.0	88.51235008239746	242
199	0.42580804	0.23360844	0.84284383	0.0	6.7272725	18.466667	11.7124815	36.0	0.0	0.4343148	0.24947514	0.84284383	0.0	0.4035472	0.049353547	0.48709047	0.3052447	20000	-0.015259191	0.03212691	-0.0021771092	-9.2791626e-05	1.5259218	-0.00040447235	0.0	4.0	88.87772941589355	275
200	0.3491684	0.1890899	0.6912377	0.0	6.1666665	18.6875	9.878757	33.0	1.0	0.34943238	0.17794336	0.6912377	0.0	0.39993066	0.053748082	0.487847	0.30653244	20100	-0.015240997	0.019793537	-0.004323527	-0.00011112838	1.5241005	0.001717844	0.0	4.0	89.27692341804504	252
201	0.37525415	0.2086409	0.7782125	0.0	7.4166665	21.538462	11.229189	36.0	1.0	0.32837686	0.2456229	0.7782125	0.0	0.4057602	0.052933324	0.49949336	0.30630392	20200	-0.015057534	0.034095187	-0.005506145	-0.0012827488	1.5057548	0.0010539151	0.0	4.0	89.6220395565033	291
202	0.43408713	0.12736546	0.64122784	0.20298651	4.928571	16.222221	10.543853	36.0	1.0	0.41852033	0.107945845	0.64122784	0.20298651	0.38871375	0.048266955	0.47378173	0.30382094	20300	-0.015171256	0.006947409	-0.0020146628	3.5096193e-05	1.5171244	-0.0009373045	0.0	4.0	90.02692437171936	249
203	0.3858181	0.16281493	0.6449478	3.330669e-16	5.0	18.125	11.815641	34.0	2.0	0.3888003	0.11797115	0.6449478	3.330669e-16	0.3811246	0.04378978	0.47019088	0.3021307	20400	-0.0150877945	0.0078062033	-0.0027442388	-4.6892616e-05	1.5087793	0.0015791559	0.0	4.0	90.4160647392273	258
204	0.36243528	0.20191194	0.75166136	0.026690325	4.571429	21.444445	12.789849	36.0	0.0	0.44000122	0.19450207	0.75166136	0.026690325	0.3730102	0.04639511	0.45230263	0.29271194	20500	-0.015125662	0.020599952	-0.0015204288	-1.5867525e-05	1.5125722	-0.00014251233	0.0	4.0	90.77726316452026	279
205	0.4681296	0.13970327	0.72208023	0.32782197	6.818182	18.333334	10.19586	33.0	0.0	0.48685694	0.13135548	0.72208023	0.32782197	0.37419358	0.04485459	0.44371015	0.29339984	20600	-0.0152312	0.01655801	-0.0018695388	-0.0011851417	1.5231199	-0.0014002466	0.0	4.0	91.16703152656555	259
206	0.43838164	0.14067899	0.6631089	0.17646421	5.6153846	19.2	10.72194	35.0	0.0	0.43243185	0.123168334	0.6631089	0.17646421	0.39047962	0.04622561	0.4782393	0.3065307	20700	-0.01515343	0.009200893	-0.002087878	-0.0002541301	1.5153383	0.00038768764	0.0	4.0	91.67151308059692	199
207	0.4790057	0.1215664	0.7421945	0.29425904	4.4117646	23.55	8.991524	37.0	2.0	0.48599303	0.118610926	0.7421945	0.29425904	0.39971772	0.054581985	0.5121171	0.31050238	20800	-0.014990717	0.011382483	-0.0028000772	-0.00064803875	1.4990634	0.0016879844	0.0	4.0	92.07368183135986	249
208	0.38788572	0.24482563	0.7510801	3.330669e-16	5.5	18.375	14.150419	37.0	0.0	0.48347646	0.19785374	0.7510801	3.330669e-16	0.4125595	0.05501703	0.50421524	0.31489375	20900	-0.015056338	0.020850804	-0.0026214155	-0.001030003	1.505632	-0.00079524994	0.0	4.0	92.52913808822632	220
209	0.39011216	0.17306665	0.65358794	3.330669e-16	4.75	17.31579	10.9306555	34.0	1.0	0.44756886	0.13676435	0.65358794	3.330669e-16	0.43372744	0.067145646	0.53917384	0.31983596	21000	-0.014967158	0.009654455	-0.0020933151	1.527206e-05	1.4967178	0.00023241038	0.0	4.0	92.97836327552795	224
210	0.43834257	0.21715105	0.74291486	2.220446e-16	4.4	19.5	10.111875	35.0	1.0	0.4584141	0.16470028	0.74291486	2.220446e-16	0.43659323	0.0661287	0.54299915	0.3236214	21100	-0.015038599	0.014718071	-0.0021765283	-3.129919e-05	1.5038574	0.0014913273	0.0	4.0	93.53876972198486	180
211	0.46609277	0.13406777	0.63735414	0.3220407	4.1538463	21.0625	11.288649	37.0	0.0	0.46133098	0.10678186	0.63735414	0.3220407	0.45298404	0.06920568	0.57143885	0.3261885	21200	-0.0149168	0.007920912	-0.0019464865	-8.144404e-05	1.491678	0.00011974812	0.0	4.0	93.99770951271057	220
212	0.38617522	0.13867828	0.6643614	3.330669e-16	3.5714285	22.391304	10.594253	37.0	6.0	0.40017554	0.12233084	0.6643614	3.330669e-16	0.44120452	0.07505571	0.5865996	0.32780463	21300	-0.015101396	0.011011814	-0.0011166967	-0.0002758234	1.5101401	0.00021654367	0.0	4.0	94.49825549125671	200
213	0.33514842	0.15963069	0.6059491	0.0	5.1875	18.444445	10.594665	37.0	1.0	0.32970342	0.18111134	0.6059491	0.0	0.43611583	0.06189251	0.53957355	0.32767937	21400	-0.015227906	0.022865191	-0.001854077	-0.0011992833	1.522788	8.375167e-05	0.0	4.0	95.02665853500366	190
214	0.3935298	0.19034813	0.68971735	2.220446e-16	4.9375	22.894737	9.130024	36.0	2.0	0.43251392	0.15338798	0.68971735	2.220446e-16	0.43381095	0.06372835	0.55002517	0.32496566	21500	-0.014891431	0.012410488	-0.0026749426	-6.2170555e-05	1.4891429	0.002064991	0.0	4.0	95.42444920539856	254
215	0.4848596	0.14120728	0.7045743	0.33006567	6.5	18.5625	9.823242	37.0	2.0	0.49870905	0.14163817	0.7045743	0.33006567	0.4276902	0.057975028	0.54849863	0.3222168	21600	-0.014891565	0.0130080655	-0.0016040839	0.00010997127	1.4891541	-0.00037275313	0.0	4.0	95.79916381835938	268
216	0.41194984	0.18383989	0.6371882	0.0	8.444445	17.23077	10.842607	36.0	1.0	0.3884988	0.19690444	0.6371882	0.0	0.42392513	0.05875	0.5236446	0.32202157	21700	-0.0148302615	0.02144388	-0.004681658	-0.000334566	1.4830265	0.001009593	0.0	4.0	96.20879745483398	245
217	0.5268026	0.14266427	0.7483927	0.31337237	5.769231	13.941176	7.929621	26.0	1.0	0.5391275	0.12813443	0.7483927	0.31337237	0.42934448	0.0624757	0.5489509	0.32181162	21800	-0.014616229	0.014949977	-0.0027410593	6.742979e-05	1.4616241	-0.0015105795	0.0	4.0	96.7592363357544	182
218	0.5003057	0.13247287	0.68279785	0.32189807	6.5	23.333334	12.10326	36.0	2.0	0.5203443	0.13500658	0.68279785	0.32189807	0.4171795	0.051550478	0.5119821	0.3234591	21900	-0.014907412	0.015736751	-0.0017771479	-0.0007776851	1.4907429	-0.0002546239	0.0	4.0	97.27226185798645	196
219	0.40586272	0.19182245	0.66196465	3.330669e-16	5.181818	20.133333	13.017254	36.0	0.0	0.40385267	0.13736284	0.66196465	3.330669e-16	0.42037642	0.05594951	0.52594274	0.32762915	22000	-0.01500991	0.010328151	-0.002944678	0.0001972263	1.5009964	0.0026136925	0.0	4.0	97.70274448394775	234
220	0.45131066	0.17120577	0.6867086	2.220446e-16	4.9333334	19.588236	10.605541	37.0	2.0	0.49442717	0.13225797	0.6867086	2.220446e-16	0.43895608	0.058852553	0.554306	0.33061948	22100	-0.014984801	0.010341243	-0.0018222146	-0.00015196193	1.4984797	-0.00069618225	0.0	4.0	98.25049376487732	183
221	0.35167885	0.1611999	0.6418104	3.330669e-16	3.8125	21.736841	10.832903	35.0	0.0	0.4079455	0.12109899	0.6418104	3.330669e-16	0.43232375	0.060657743	0.537946	0.33317396	22200	-0.015105642	0.0073886095	-0.0022103116	6.9896574e-05	1.5105643	0.00072035316	0.0	4.0	98.75792002677917	198
222	0.37052765	0.1477629	0.60227615	0.0119999135	5.818182	14.8	11.54816	37.0	1.0	0.39132962	0.098761015	0.60227615	0.0119999135	0.44649407	0.06665115	0.58021736	0.33471286	22300	-0.014898002	0.007921424	-0.0015853718	-0.0002983223	1.4898036	0.00062892435	0.0	4.0	99.13959622383118	264
223	0.43155363	0.10480645	0.700993	0.33348724	5.4615383	17.5	10.868532	35.0	2.0	0.44765708	0.107594244	0.700993	0.33348724	0.4457543	0.060677577	0.57025427	0.3340129	22400	-0.015039258	0.007008834	-0.00094937906	-3.439415e-05	1.5039254	-0.0007288074	0.0	4.0	99.57045722007751	233
224	0.41559383	0.15093403	0.68868464	0.17709462	5.357143	20.0	9.877022	32.0	1.0	0.4734192	0.15339017	0.68868464	0.17709462	0.42505568	0.05735118	0.5246162	0.30868393	22500	-0.014991604	0.014267212	-0.005097341	-0.00010668911	1.4991612	0.00057366374	0.0	4.0	100.07866382598877	198
225	0.3264989	0.23341024	0.6438471	3.330669e-16	4.2352943	19.3	8.9	34.0	3.0	0.44462657	0.19176348	0.6438471	3.330669e-16	0.4276815	0.067911126	0.5836871	0.3055013	22600	-0.01495022	0.017463498	-0.0046046134	-0.0003462599	1.4950225	0.0027306676	0.0	4.0	100.47195792198181	255
226	0.40882632	0.1732575	0.66089827	0.024459815	4.5333333	19.31579	12.208938	37.0	0.0	0.43789026	0.1434949	0.66089827	0.024459815	0.43634704	0.06360755	0.54225993	0.33376738	22700	-0.014923215	0.010443719	-0.0014487747	6.288884e-05	1.4923192	0.00057225226	0.0	4.0	100.85200214385986	264
227	0.34357288	0.13849771	0.68634444	0.0129709495	4.0	20.272728	9.991733	33.0	0.0	0.37608987	0.15273261	0.68634444	0.0129709495	0.43562955	0.06455411	0.537695	0.33426127	22800	-0.014993817	0.0147601925	-0.0038767904	-0.00013003207	1.499383	0.0025953483	0.0	4.0	101.25098013877869	252
228	0.3652748	0.15377027	0.65565693	0.0	5.3846154	19.9375	10.579867	37.0	3.0	0.33693466	0.16980039	0.65565693	0.0	0.4422324	0.06495066	0.5731039	0.33307916	22900	-0.014876127	0.021370001	-0.0018235175	-0.0015251156	1.4876132	0.00066463	0.0	4.0	101.63616108894348	260
229	0.57414395	0.11913949	0.74863136	0.33353415	6.090909	23.533333	9.97909	37.0	6.0	0.5282716	0.1290711	0.74863136	0.33353415	0.43070823	0.054197576	0.5308422	0.3294271	23000	-0.014778309	0.013929964	-0.0036749644	0.0006112994	1.4778249	-0.0005205226	0.0	4.0	102.02021408081055	261
230	0.41300145	0.18753663	0.7630998	0.0	5.6666665	16.3125	9.5441	34.0	2.0	0.37274334	0.19387212	0.7630998	0.0	0.41755623	0.05652874	0.510583	0.328135	23100	-0.014816403	0.019847352	-0.0067084804	-0.0006963086	1.4816394	-8.4962754e-05	0.0	4.0	102.37588953971863	282
231	0.43019775	0.096229255	0.61737883	0.30302453	6.7272725	20.866667	13.340998	37.0	0.0	0.43703216	0.09950557	0.61737883	0.30302453	0.4045553	0.054021575	0.5291651	0.31277466	23200	-0.01494059	0.007150938	-0.004048519	0.0002929362	1.4940522	0.0011485792	0.0	4.0	102.76958227157593	255
232	0.42236185	0.13733612	0.6569644	0.21964808	6.0	15.6875	8.334558	32.0	0.0	0.42441258	0.11513366	0.6569644	0.21964808	0.40124413	0.05474018	0.51652855	0.2841472	23300	-0.015009537	0.0072964244	-0.002448067	4.8721675e-05	1.500951	0.0023730374	0.0	4.0	103.1165919303894	291
233	0.36041602	0.13596196	0.64518154	3.330669e-16	4.5333333	19.052631	10.389639	31.0	0.0	0.37013778	0.10560518	0.64518154	3.330669e-16	0.40612537	0.05241255	0.51322895	0.32449713	23400	-0.015061796	0.0065744375	-0.0023327097	-0.00010933692	1.5061784	-4.6303263e-05	0.0	4.0	103.49069786071777	269
234	0.45830935	0.18695329	0.669177	3.330669e-16	6.0	21.0	11.338934	37.0	1.0	0.45726207	0.14012253	0.669177	3.330669e-16	0.40245384	0.06390982	0.5175815	0.24549085	23500	-0.014788359	0.011528755	-0.0034352392	5.7861907e-05	1.4788424	0.0020243025	0.0	4.0	103.84005928039551	287
235	0.40129846	0.09747451	0.6212198	0.25292167	4.1764708	17.857143	11.141026	37.0	0.0	0.4232947	0.096481435	0.6212198	0.25292167	0.40054977	0.054926295	0.53326774	0.25494483	23600	-0.015042301	0.0048110583	-0.0017451793	-2.5821966e-05	1.5042299	-0.0011917781	0.0	4.0	104.26245450973511	239
236	0.52301866	0.12672523	0.75653136	0.32747826	5.285714	19.705883	10.747173	36.0	1.0	0.5117172	0.12701087	0.75653136	0.32747826	0.4077008	0.054392543	0.50576156	0.29065707	23700	-0.014979765	0.013981077	-0.004254373	-0.0005252301	1.4979771	-0.00061169144	0.0	4.0	104.66639614105225	248
237	0.3992111	0.20930709	0.77743757	2.220446e-16	4.125	22.0	10.644247	37.0	2.0	0.44695297	0.17681868	0.77743757	2.220446e-16	0.41641235	0.05450041	0.51930606	0.27605283	23800	-0.015026152	0.015540032	-0.0024322271	-0.00021286006	1.5026264	-0.0009754062	0.0	4.0	105.05606460571289	257
238	0.45455024	0.19232792	0.8122582	0.02393717	5.714286	23.25	12.280574	37.0	0.0	0.50524193	0.1610107	0.8122582	0.02393717	0.4269911	0.061279442	0.54917055	0.3096923	23900	-0.01488515	0.017609192	-0.0012743026	-0.0007954001	1.4885191	-0.00029348372	0.0	4.0	105.46317934989929	246
239	0.39079666	0.14556016	0.6679496	3.330669e-16	5.2	22.578947	9.7025	37.0	7.0	0.41927174	0.13812526	0.6679496	3.330669e-16	0.43654075	0.06308442	0.5940371	0.33714885	24000	-0.014928777	0.010968158	-0.0025236588	0.00016532012	1.492881	0.00019325735	0.0	4.0	105.8534152507782	257
240	0.4805497	0.0915373	0.6104519	0.33049795	5.8333335	15.733334	10.914618	35.0	0.0	0.46835664	0.08449676	0.6104519	0.33049795	0.4469938	0.058027185	0.55802226	0.34130877	24100	-0.015059218	0.0057086414	-0.0015992499	1.4942372e-05	1.5059235	-0.00040251733	0.0	4.0	106.22027277946472	275
241	0.40477484	0.09611422	0.6023478	0.25755146	5.071429	19.277779	11.536443	37.0	0.0	0.42407766	0.09425937	0.6023478	0.25755146	0.45319813	0.06506897	0.59260076	0.34243426	24200	-0.015019506	0.007179339	-0.00092842244	-2.715853e-05	1.5019484	-0.0003812194	0.0	4.0	106.6064875125885	260
242	0.36233094	0.13847488	0.661728	0.02653976	4.8125	18.105263	12.259883	36.0	1.0	0.39891672	0.12005542	0.661728	0.02653976	0.4492147	0.06361006	0.5650091	0.34240952	24300	-0.015052527	0.00914236	-0.002161257	-0.0002200437	1.5052545	0.0006456757	0.0	4.0	107.01451873779297	246
243	0.42642885	0.12107693	0.68350047	0.31894368	4.3125	16.789474	11.302441	35.0	0.0	0.44204056	0.11448048	0.68350047	0.31894368	0.4419755	0.06402822	0.57462823	0.340788	24400	-0.0151905045	0.0074899257	-0.0014221445	-7.70085e-05	1.5190494	0.00013052463	0.0	4.0	107.39335703849792	265
244	0.43223327	0.23562609	0.7541617	0.0059463875	4.375	16.3	12.033703	36.0	1.0	0.4515273	0.19193721	0.7541617	0.0059463875	0.43369132	0.058752898	0.52313346	0.3258527	24500	-0.015034847	0.019290654	-0.002304405	7.7022705e-06	1.5034858	0.00026577472	0.0	4.0	107.78322958946228	258
245	0.43129987	0.133263	0.69304085	0.14917687	4.7058825	21.25	9.459784	37.0	6.0	0.45609915	0.12649173	0.69304085	0.14917687	0.43616974	0.064144865	0.56647015	0.33509353	24600	-0.014961373	0.0093924245	-0.0017491002	9.258394e-06	1.4961357	-0.00034413813	0.0	4.0	108.19176745414734	247
246	0.37926984	0.19305938	0.7999728	3.330669e-16	4.5	20.5	13.581237	37.0	0.0	0.42017934	0.14648485	0.7999728	3.330669e-16	0.42363212	0.054510597	0.5177051	0.33834648	24700	-0.015158683	0.011092331	-0.002485007	5.7704747e-06	1.5158646	0.00049558637	0.0	4.0	108.60765409469604	242
247	0.4562375	0.20978121	0.90234286	3.330669e-16	5.230769	20.3125	12.608126	37.0	1.0	0.45722544	0.16686225	0.90234286	3.330669e-16	0.43206826	0.058172815	0.53884864	0.2941445	24800	-0.014948294	0.014269576	-0.003163062	-1.8102e-05	1.4948299	0.00025735615	0.0	4.0	109.03010296821594	237
248	0.45386538	0.13146672	0.69189304	0.2632626	4.8	17.157894	9.836897	34.0	3.0	0.46534413	0.1274851	0.69189304	0.2632626	0.43903404	0.061225705	0.5599044	0.33885247	24900	-0.014910944	0.009118425	-0.002033973	-1.01164915e-05	1.4910929	-0.002105136	0.0	4.0	109.41212773323059	263
249	0.39360288	0.11022603	0.6698249	0.25501564	4.9333334	16.31579	9.386735	33.0	0.0	0.3968155	0.107485205	0.6698249	0.25501564	0.43569854	0.057801697	0.5432578	0.33636662	25000	-0.015042499	0.008199306	-0.0026245117	-0.0001624513	1.5042522	-0.00064701075	0.0	4.0	109.80107307434082	258
250	0.3365492	0.112711325	0.5303836	0.023386853	4.866667	16.578947	9.554915	32.0	2.0	0.38022506	0.101080835	0.5303836	0.023386853	0.4260808	0.058250804	0.5580655	0.33602756	25100	-0.01504676	0.0083045075	-0.0018313751	-0.00026563753	1.5046734	0.00017897367	0.0	4.0	110.22127056121826	239
251	0.38329574	0.068917274	0.50567955	0.28533837	4.428571	18.944445	12.272245	37.0	1.0	0.39728358	0.068638146	0.5300841	0.28533837	0.42678577	0.05587028	0.53046906	0.33802232	25200	-0.014905438	0.0039827526	-0.0015151595	-0.00027123958	1.4905468	0.000306983	0.0	4.0	110.61542701721191	256
252	0.39070362	0.0782345	0.56686324	0.2974142	5.571429	22.647058	10.25522	37.0	1.0	0.39584678	0.07333778	0.56686324	0.2974142	0.42632073	0.057733994	0.53329134	0.30205703	25300	-0.014689025	0.004405643	-0.0021687013	-0.00026953616	1.468899	-2.3751258e-05	0.0	4.0	111.01519775390625	251
253	0.37184852	0.07329531	0.5083013	0.22970566	4.2222223	23.3	12.337342	37.0	1.0	0.39522567	0.07220195	0.5083013	0.22970566	0.40562645	0.05010535	0.5043474	0.30671495	25400	-0.015114084	0.0038214661	-0.0023652038	-6.0184393e-05	1.5114108	-0.0004586363	0.0	4.0	111.40350842475891	258
254	0.41853315	0.20982091	0.69089234	0.0	5.642857	16.9375	10.7556305	34.0	0.0	0.39541999	0.21773782	0.69089234	0.0	0.38207948	0.07132632	0.5341038	0.21329042	25500	-0.014610678	0.020663012	-0.008941626	-6.6715293e-06	1.4610655	0.0071158363	0.0	4.0	111.77783346176147	268
255	0.4132013	0.18338676	0.6550258	3.330669e-16	4.5882354	20.7	11.627983	36.0	0.0	0.43960944	0.15374845	0.6550258	3.330669e-16	0.3917939	0.05156362	0.52989906	0.22575769	25600	-0.01499781	0.012386039	-0.0051065106	5.4553384e-05	1.4997797	-0.0016781713	0.0	4.0	112.18320441246033	247
256	0.41663176	0.11641104	0.5946759	0.12913927	4.733333	21.052631	10.787291	37.0	1.0	0.40995896	0.10923978	0.5946759	0.12913927	0.40559766	0.055686943	0.5060851	0.26570946	25700	-0.014594197	0.0066458005	-0.007879369	2.0638225e-05	1.4594164	0.00082758884	0.0	4.0	112.58271861076355	251
257	0.38261053	0.17210548	0.66813266	3.330669e-16	3.8947368	17.681818	12.476838	37.0	0.0	0.4198523	0.14594722	0.66813266	3.330669e-16	0.4007177	0.05590111	0.50294435	0.27455023	25800	-0.014752362	0.011442127	-0.0036696456	1.0506716e-05	1.4752368	5.2955176e-05	0.0	4.0	113.00427293777466	238
258	0.43998975	0.11134519	0.644163	0.20962046	4.9375	16.578947	9.772764	32.0	0.0	0.45450583	0.09871951	0.644163	0.20962046	0.40511826	0.058274765	0.52527416	0.24887618	25900	-0.014634065	0.007264651	-0.003159692	-0.00014474377	1.4634113	-0.0013024188	0.0	4.0	113.40327048301697	251
259	0.4727925	0.13477966	0.7153784	0.2609519	4.866667	15.684211	8.565861	37.0	3.0	0.45910788	0.13917086	0.7153784	0.2609519	0.40418798	0.05822508	0.5261069	0.28535885	26000	-0.0146289915	0.012021603	-0.0027558003	-0.00027706975	1.4629014	0.0029580833	0.0	4.0	113.8224709033966	239
260	0.41546437	0.1800762	0.6739425	3.330669e-16	4.0588236	18.761906	10.405606	34.0	6.0	0.44727087	0.13292074	0.6739425	3.330669e-16	0.4242746	0.060902387	0.5357773	0.29733247	26100	-0.014635965	0.009100242	-0.0027017007	-4.2397645e-05	1.4635969	-0.0020325447	0.0	4.0	114.26060509681702	229
261	0.41151807	0.10791858	0.6258354	0.24923639	3.8333333	20.454546	10.743824	36.0	0.0	0.43087292	0.1075046	0.6258354	0.24923639	0.4185508	0.055827618	0.5258608	0.32272992	26200	-0.014900856	0.0065914094	-0.0017462	-2.5616144e-05	1.4900864	-0.00039427757	0.0	4.0	114.68920516967773	234
262	0.42552477	0.12527305	0.6451809	0.23515578	4.4	20.0	11.874342	35.0	0.0	0.41579747	0.11448654	0.6451809	0.23515578	0.4281295	0.055998206	0.5307982	0.28480998	26300	-0.014854461	0.007278743	-0.0036658607	3.8677535e-05	1.4854462	0.00073526613	0.0	4.0	115.0693428516388	264
263	0.41101193	0.14174551	0.69204587	0.12913927	4.2941175	18.0	10.0332775	35.0	0.0	0.4321105	0.1259365	0.69204587	0.12913927	0.4290535	0.055755075	0.5235576	0.34103978	26400	-0.014971584	0.00975414	-0.0020355694	7.5623393e-07	1.4971604	-0.0006445121	0.0	4.0	115.52990651130676	218
264	0.4411661	0.14775808	0.7618278	0.26418436	3.8888888	18.904762	11.620608	36.0	0.0	0.4489977	0.14305751	0.7618278	0.26418436	0.43263054	0.061624695	0.5843953	0.34117782	26500	-0.014949702	0.010732258	-0.0021860888	-1.0859803e-05	1.4949696	-0.0005736923	0.0	4.0	116.12199664115906	169
265	0.4362189	0.11510495	0.6368323	0.32746848	5.357143	19.166666	11.126795	37.0	0.0	0.45744568	0.114779174	0.6368323	0.32746848	0.422537	0.06539623	0.52400887	0.21278834	26600	-0.01436615	0.009919523	-0.0065015927	-0.00015200616	1.4366152	-0.0013734531	0.0	4.0	116.63486766815186	199
266	0.40285587	0.15268192	0.69923633	0.20350252	5.214286	14.888889	10.561401	36.0	3.0	0.41946355	0.15374681	0.69923633	0.20350252	0.42881507	0.059587855	0.527835	0.28347203	26700	-0.014492482	0.013286557	-0.0036523119	3.3082324e-05	1.4492443	-0.00046672346	0.0	4.0	117.14662599563599	196
267	0.44510588	0.14436454	0.68572634	0.19565925	5.0	18.882353	13.024332	36.0	1.0	0.4478171	0.13168374	0.68572634	0.19565925	0.4397959	0.06215142	0.58809316	0.33422786	26800	-0.014446225	0.00916455	-0.0030126888	1.8223654e-06	1.4446217	0.00018589257	0.0	4.0	117.68875646591187	185
268	0.40188366	0.18403506	0.7272899	3.330669e-16	4.2222223	23.318182	6.7782164	37.0	10.0	0.4322529	0.14124073	0.7272899	3.330669e-16	0.43359894	0.0637173	0.56936777	0.3421774	26900	-0.01437268	0.010042272	-0.0014916621	-1.3872283e-05	1.4372692	0.00035632614	0.0	4.0	118.21545100212097	191
269	0.4552664	0.16667691	0.673305	0.017024659	4.5882354	14.0	10.518154	36.0	1.0	0.4886026	0.1404547	0.673305	0.017024659	0.43754187	0.05911507	0.5358435	0.34207344	27000	-0.014466345	0.011109198	-0.0018668761	-7.912447e-05	1.4466393	-0.00033631804	0.0	4.0	118.61835289001465	251
270	0.38526186	0.16824837	0.67943645	2.220446e-16	4.0	19.545454	10.675918	37.0	3.0	0.41434222	0.14084166	0.67943645	2.220446e-16	0.4269351	0.057983954	0.54791343	0.3346858	27100	-0.014630323	0.00987241	-0.0033378238	4.78038e-05	1.463033	0.00033709046	0.0	4.0	119.11506128311157	202
271	0.4037008	0.118988544	0.69170654	0.30958036	4.2222223	13.428572	8.995086	31.0	0.0	0.40938145	0.11762334	0.69170654	0.30958036	0.4393705	0.059513394	0.5593308	0.3438052	27200	-0.014695764	0.008651006	-0.0039216205	-8.006557e-05	1.4695741	0.00047230723	0.0	4.0	119.49177408218384	266
272	0.3395834	0.10985735	0.6461924	0.025225177	3.9473684	20.0	10.664299	36.0	1.0	0.3696212	0.1242217	0.6461924	0.025225177	0.4321556	0.06756182	0.5472077	0.30079502	27300	-0.014172334	0.012527966	-0.011255445	-0.00031635974	1.4172354	0.0012813163	0.0	4.0	119.94033622741699	224
273	0.4155703	0.17762071	0.78284866	3.330669e-16	4.875	13.9	10.299999	36.0	0.0	0.43112117	0.1635488	0.78284866	3.330669e-16	0.4176177	0.058637675	0.50915337	0.27975675	27400	-0.014185123	0.013859522	-0.0029596947	1.7150422e-05	1.418513	-0.0036410762	0.0	4.0	120.2912163734436	286
274	0.45457268	0.14884463	0.690451	0.15705886	5.428571	19.764706	9.866935	35.0	0.0	0.4753177	0.13177669	0.690451	0.15705886	0.42825454	0.06281767	0.551216	0.29929203	27500	-0.013685465	0.010575027	-0.0005055261	-6.5549626e-05	1.3685448	-0.0016637326	0.0	4.0	120.64834904670715	281
275	0.49939045	0.18962333	0.7383072	3.330669e-16	5.071429	13.944445	9.033716	36.0	0.0	0.5135075	0.14528833	0.7383072	3.330669e-16	0.43345582	0.063255094	0.5580683	0.29969364	27600	-0.013714019	0.014585962	-0.0017034337	-0.0005338526	1.3713994	-0.0014854169	0.0	4.0	121.03728866577148	258
276	0.40282124	0.16529731	0.70299286	0.0025206439	4.5625	20.45	8.188253	34.0	4.0	0.42900944	0.14125596	0.70299286	0.0025206439	0.43372193	0.059206657	0.5378705	0.34006155	27700	-0.014129464	0.0107287755	-0.002229007	0.00012638932	1.4129415	-0.0005776167	0.0	4.0	121.39825177192688	278
277	0.41429597	0.09825929	0.621409	0.3285475	4.4375	22.2	11.509127	37.0	0.0	0.41067195	0.08469021	0.621409	0.3285475	0.43604112	0.058771353	0.54660064	0.3416856	27800	-0.014161892	0.005346478	-0.0022257797	-9.457755e-06	1.4161893	0.0012816525	0.0	4.0	121.78952193260193	256
278	0.4691076	0.13374549	0.7286085	0.31923684	4.9375	21.736841	10.279474	36.0	0.0	0.478319	0.13244607	0.7286085	0.31923684	0.438246	0.06191961	0.53813183	0.30999148	27900	-0.013985947	0.010307626	-0.002459921	-2.388726e-06	1.3985963	0.0009208631	0.0	4.0	122.17600154876709	261
279	0.35830054	0.16428909	0.64952445	0.0057419487	3.6	21.73913	10.883642	37.0	0.0	0.3994741	0.14876217	0.64952445	0.0057419487	0.4363105	0.06270499	0.5476836	0.3423717	28000	-0.014235213	0.012231307	-0.0055603273	-9.0922695e-06	1.423526	0.003616278	0.0	4.0	122.57041430473328	254
280	0.44989985	0.1666146	0.76664025	3.330669e-16	4.75	16.789474	9.875962	36.0	1.0	0.48887146	0.13711184	0.76664025	3.330669e-16	0.43953946	0.06056255	0.54301673	0.3372811	28100	-0.013769995	0.011080397	-0.003690727	-9.399257e-05	1.3769944	-0.0017085981	0.0	4.0	122.97304201126099	249
281	0.41680813	0.09968791	0.65454936	0.294967	4.352941	20.190475	11.1339	37.0	1.0	0.44304627	0.10656246	0.65454936	0.294967	0.44879478	0.069954984	0.59419274	0.3424587	28200	-0.013641208	0.0075320015	-0.0062309373	2.5957706e-05	1.3641185	0.0028867722	0.0	4.0	123.34462857246399	270
282	0.5027205	0.15246427	0.72513664	0.32722762	5.6153846	21.0625	8.143009	34.0	1.0	0.48518342	0.14028195	0.72513664	0.32722762	0.4483014	0.06012334	0.5695522	0.34255427	28300	-0.013590109	0.011532685	-0.0011062697	-1.2702774e-05	1.3590047	8.672e-05	0.0	4.0	123.72302389144897	265
283	0.35029384	0.108646065	0.5351735	0.025676109	5.071429	20.944445	9.448528	37.0	5.0	0.38397074	0.085186765	0.5351735	0.025676109	0.44360498	0.06001427	0.56207335	0.34307277	28400	-0.013942666	0.006379029	-0.002226036	-0.00041183777	1.3942673	0.002506907	0.0	4.0	124.12632131576538	249
284	0.39365515	0.13701317	0.659614	0.16132225	6.25	19.8	11.297197	35.0	1.0	0.40540075	0.13296832	0.659614	0.16132225	0.4398432	0.061226636	0.5821	0.3246009	28500	-0.013531536	0.01101947	-0.0011911988	-0.00046280748	1.3531525	0.0009430838	0.0	4.0	124.47146677970886	291
285	0.46564755	0.15908793	0.7018931	2.220446e-16	5.285714	17.777779	10.522756	33.0	2.0	0.48835608	0.11642837	0.7018931	2.220446e-16	0.4300446	0.060867988	0.5538471	0.275945	28600	-0.013547406	0.009958787	-0.001509618	0.00019340764	1.3547415	-0.0008912134	0.0	4.0	124.83388185501099	277
286	0.42565975	0.20374724	0.7441265	0.0	4.2222223	18.095238	10.514864	37.0	0.0	0.47975555	0.167009	0.7441265	0.0	0.41609088	0.057610516	0.53393984	0.27211154	28700	-0.013726652	0.01651967	-0.004436073	-0.00048297923	1.3726631	-2.8004637e-05	0.0	4.0	125.24467253684998	244
287	0.38340843	0.15317143	0.6413407	3.330669e-16	4.9333334	16.222221	10.314798	35.0	2.0	0.41046843	0.117714636	0.6413407	3.330669e-16	0.42874733	0.057089083	0.5348928	0.34062636	28800	-0.013528451	0.008145352	-0.0032311846	0.0001515192	1.3528452	0.0014300727	0.0	4.0	125.63123750686646	260
288	0.42261612	0.18000996	0.68452317	0.0083416095	4.9333334	24.631578	9.948343	36.0	7.0	0.4707317	0.1317114	0.68452317	0.0083416095	0.43421927	0.0613268	0.5513499	0.33824342	28900	-0.013516892	0.00926299	-0.0026624957	-7.569033e-05	1.3516877	3.013137e-05	0.0	4.0	126.00963020324707	265
289	0.43484935	0.14432977	0.69860506	0.23470546	4.470588	20.0	10.620734	37.0	0.0	0.46564543	0.14512505	0.69860506	0.23470546	0.4331322	0.062308885	0.5749865	0.34234297	29000	-0.013854716	0.010425536	-0.0025186911	-0.00014322938	1.3854702	4.9805647e-05	0.0	4.0	126.37029933929443	278
290	0.44625366	0.12315413	0.6554166	0.15387626	4.8125	15.0	12.055428	37.0	1.0	0.45626754	0.10767594	0.6554166	0.15387626	0.45434463	0.06662604	0.56027126	0.3438554	29100	-0.013412181	0.007589962	-0.0027513094	8.172635e-05	1.3412182	0.0005647326	0.0	4.0	126.77231335639954	250
291	0.38056454	0.18245247	0.6745808	3.330669e-16	4.866667	20.333334	10.908712	36.0	1.0	0.44165096	0.14045021	0.6745808	3.330669e-16	0.45055917	0.06284429	0.5695636	0.34478033	29200	-0.013636343	0.010078469	-0.005598624	6.4546475e-06	1.3636318	-0.0016816591	0.0	4.0	127.13610601425171	276
292	0.45613116	0.09691431	0.6258358	0.3247125	6.076923	20.375	10.43357	37.0	5.0	0.471156	0.0924225	0.6258358	0.3247125	0.45438668	0.06881907	0.57242894	0.34456244	29300	-0.0129246265	0.0066798395	-0.0022577946	-5.2623684e-05	1.29246	-0.0022106934	0.0	4.0	127.49658441543579	279
293	0.48493907	0.114182115	0.6537604	0.33181718	5.5384617	16.0	10.688091	37.0	3.0	0.48747507	0.10792317	0.6537604	0.33181718	0.45621872	0.062832765	0.5775643	0.34442332	29400	-0.013371229	0.007867023	-0.00249256	-1.5398546e-05	1.3371212	-0.0004959011	0.0	4.0	127.85540914535522	280
294	0.5218971	0.1462159	0.72558665	0.33229184	5.923077	20.058823	11.143294	37.0	1.0	0.521994	0.14084558	0.72558665	0.33229184	0.45869544	0.063607916	0.5767585	0.34469303	29500	-0.013372123	0.013356641	-0.0020516813	-0.00017184834	1.337215	0.0003068995	0.0	4.0	128.22594094276428	272
295	0.38530225	0.129386	0.58514196	3.330669e-16	4.4	19.631578	11.608574	36.0	1.0	0.4165366	0.108974695	0.5945228	3.330669e-16	0.44835645	0.060385864	0.5551491	0.34658352	29600	-0.013746565	0.0074007614	-0.0018756799	3.9477134e-05	1.3746574	0.0010354114	0.0	4.0	128.5760645866394	287
296	0.3869699	0.13975084	0.60727	3.330669e-16	4.117647	19.428572	11.332933	36.0	0.0	0.42022625	0.114697285	0.60727	3.330669e-16	0.45829505	0.069853246	0.62365675	0.34761715	29700	-0.013550669	0.00827557	-0.0026886165	-0.00029745302	1.3550649	0.0017676926	0.0	4.0	128.99055433273315	242
297	0.43411466	0.1613605	0.7852253	0.23295537	5.142857	20.944445	10.479993	37.0	2.0	0.45725328	0.15412493	0.7852253	0.23295537	0.44650313	0.066231355	0.62248075	0.34662473	29800	-0.013515674	0.012211265	-0.0038453229	-2.566399e-05	1.351568	-0.0005814648	0.0	4.0	129.35729551315308	274
298	0.3669704	0.12373494	0.5662673	3.330669e-16	5.0	17.157894	9.777865	34.0	0.0	0.4021583	0.10000868	0.5662673	3.330669e-16	0.4376994	0.05809713	0.5597376	0.34566894	29900	-0.013889641	0.0056626187	-0.0023536545	-0.00027629343	1.3889625	0.0024622774	0.0	4.0	129.75722408294678	251
299	0.45145467	0.16766575	0.663135	0.022133987	5.285714	18.470589	9.882353	34.0	0.0	0.50954	0.11556137	0.663135	0.022133987	0.43983063	0.066206336	0.5790603	0.33139858	30000	-0.012893446	0.009386739	-0.00535311	-0.00011764828	1.2893386	-0.0033025336	0.0	4.0	130.14993381500244	255
